|0000|017|0|01012023|31012023|DAVID SILVA|71072802000155||SP|461076960226|3550308|||B|1|
|0001|0|
|0005|DAVID SILVA|01001000|PRACA DA S |1||CENTRO|||david.emery.silva@gmail.com|
|0100|David Silva|76369942081|35999999||01001000|Praca da S |1||Centro|||david.silva@gmail.com|3550308|
|0150|71559322000113|EMPRESA 1|1058|71559322000113|||3550308||Rua Ficticia|2||Centro|
|0150|46483670000107|EMPRESA 1|1058|46483670000107|||3550308||Rua Ficticia|3||Centro|
|0150|44605548000130|EMPRESA 1|1058|44605548000130|||3550308||Rua Ficticia|4||Centro|
|0150|35448010000179|EMPRESA 1|1058|35448010000179|||3550308||Rua Ficticia|5||Centro|
|0150|44527238000145|EMPRESA 1|1058|44527238000145|||3550308||Rua Ficticia|6||Centro|
|0150|19301644000148|EMPRESA 1|1058|19301644000148|||3550308||Rua Ficticia|7||Centro|
|0150|91557683000138|EMPRESA 1|1058|91557683000138|||3550308||Rua Ficticia|8||Centro|
|0150|63711512000186|EMPRESA 1|1058|63711512000186|||3550308||Rua Ficticia|9||Centro|
|0190|UN|Unidade|
|0200|Item 1|Descri  o Item 1|||UN|07|||||||
|0200|Item 2|Descri  o Item 2|||UN|07|||||||
|0200|Item 3|Descri  o Item 3|||UN|07|||||||
|0200|Item 4|Descri  o Item 4|||UN|07|||||||
|0200|Item 5|Descri  o Item 5|||UN|07|||||||
|0200|Item 6|Descri  o Item 6|||UN|07|||||||
|0200|Item 7|Descri  o Item 7|||UN|07|||||||
|0200|Item 8|Descri  o Item 8|||UN|07|||||||
|0200|Item 9|Descri  o Item 9|||UN|07|||||||
|0200|Item 10|Descri  o Item 10|||UN|07|||||||
|0400|100|AQUISICAO DE MERCADORIA|
|0450|ICMIC4|IC4-ISENTO OU NAO SUJEITO A ICMS|
|0460|ICMIC4|IC4-ISENTO OU NAO SUJEITO A ICMS|
|0990|27|
|B001|1|
|B990|2|
|C001|0|
|C100|0|1|71559322000113|55|00|001|1|35230171559322000113550010000000011240866595|01012023|31012023|329,51|2|0|0|329,51|2|0|0|0|0|0|0|0|0|5,43|25,04|0|0|
|C170|1|Item 1|Descri  o Item|600|UN|67,44|0|1|090|1556|100|0|0|0|0|0|0||49||0|0|0|56|67,44|1,65|0|0|1,11|56|67,44|7,6|0|0|5,13|2107001001|0|
|C170|2|Item 2|Descri  o Item|700|UN|92,54|0|1|090|1556|100|0|0|0|0|0|0||49||0|0|0|56|92,54|1,65|0|0|1,53|56|92,54|7,6|0|0|7,03|2107001001|0|
|C170|3|Item 3|Descri  o Item|300|UN|4,47|0|1|090|1556|100|0|0|0|0|0|0||49||0|0|0|56|4,47|1,65|0|0|0,07|56|4,47|7,6|0|0|0,34|2107001001|0|
|C170|4|Item 4|Descri  o Item|1400|UN|165,06|0|1|090|1556|100|0|0|0|0|0|0||49||0|0|0|56|165,06|1,65|0|0|2,72|56|165,06|7,6|0|0|12,54|2107001001|0|
|C190|090|1556|0|329,51|0|0|0|0|0|0||
|C100|0|1|71559322000113|55|00|001|2|35230171559322000113550010000000021240866592|01012023|31012023|273,31|2|0|0|273,31|2|0|0|0|0|0|0|0|0|4,51|20,76|0|0|
|C170|1|Item 5|Descri  o Item|300|UN|4,47|0|1|090|1556|100|0|0|0|0|0|0||49||0|0|0|56|4,47|1,65|0|0|0,07|56|4,47|7,6|0|0|0,34|2107001001|0|
|C170|2|Item 6|Descri  o Item|700|UN|92,54|0|1|090|1556|100|0|0|0|0|0|0||49||0|0|0|56|92,54|1,65|0|0|1,53|56|92,54|7,6|0|0|7,03|2107001001|0|
|C170|3|Item 7|Descri  o Item|100|UN|11,24|0|1|090|1556|100|0|0|0|0|0|0||49||0|0|0|56|11,24|1,65|0|0|0,19|56|11,24|7,6|0|0|0,85|2107001001|0|
|C170|4|Item 8|Descri  o Item|1400|UN|165,06|0|1|090|1556|100|0|0|0|0|0|0||49||0|0|0|56|165,06|1,65|0|0|2,72|56|165,06|7,6|0|0|12,54|2107001001|0|
|C190|090|1556|0|273,31|0|0|0|0|0|0||
|C100|0|1|71559322000113|55|00|001|3|35230171559322000113550010000000031240866590|01012023|31012023|247,07|2|0|0|247,07|2|0|0|0|0|0|0|0|0|4,08|18,78|0|0|
|C170|1|Item 9|Descri  o Item|600|UN|70,74|0|1|090|1556|100|0|0|0|0|0|0||49||0|0|0|56|70,74|1,65|0|0|1,17|56|70,74|7,6|0|0|5,38|2107001001|0|
|C170|2|Item 10|Descri  o Item|1300|UN|171,86|0|1|090|1556|100|0|0|0|0|0|0||49||0|0|0|56|171,86|1,65|0|0|2,84|56|171,86|7,6|0|0|13,06|2107001001|0|
|C170|3|Item 1|Descri  o Item|300|UN|4,47|0|1|090|1556|100|0|0|0|0|0|0||49||0|0|0|56|4,47|1,65|0|0|0,07|56|4,47|7,6|0|0|0,34|2107001001|0|
|C190|090|1556|0|247,07|0|0|0|0|0|0||
|C100|0|1|71559322000113|55|00|001|4|35230171559322000113550010000000041240866597|01012023|31012023|391,68|2|0|0|391,68|2|0|0|0|0|0|0|0|0|6,46|29,76|0|0|
|C170|1|Item 2|Descri  o Item|700|UN|17,15|0|1|090|1556|100|0|0|0|0|0|0||49||0|0|0|56|17,15|1,65|0|0|0,28|56|17,15|7,6|0|0|1,3|2107001001|0|
|C170|2|Item 3|Descri  o Item|500|UN|56,2|0|1|090|1556|100|0|0|0|0|0|0||49||0|0|0|56|56,2|1,65|0|0|0,93|56|56,2|7,6|0|0|4,27|2107001001|0|
|C170|3|Item 4|Descri  o Item|2300|UN|304,06|0|1|090|1556|100|0|0|0|0|0|0||49||0|0|0|56|304,06|1,65|0|0|5,02|56|304,06|7,6|0|0|23,11|2107001001|0|
|C170|4|Item 5|Descri  o Item|300|UN|4,47|0|1|090|1556|100|0|0|0|0|0|0||49||0|0|0|56|4,47|1,65|0|0|0,07|56|4,47|7,6|0|0|0,34|2107001001|0|
|C170|5|Item 6|Descri  o Item|700|UN|9,8|0|1|090|1556|100|0|0|0|0|0|0||49||0|0|0|56|9,8|1,65|0|0|0,16|56|9,8|7,6|0|0|0,74|2107001001|0|
|C190|090|1556|0|391,68|0|0|0|0|0|0||
|C100|0|1|71559322000113|55|00|001|5|35230171559322000113550010000000051240866594|01012023|31012023|158,91|2|0|0|158,91|2|0|0|0|0|0|0|0|0|2,61|12,08|0|0|
|C170|1|Item 7|Descri  o Item|800|UN|11,2|0|1|090|1556|100|0|0|0|0|0|0||49||0|0|0|56|11,2|1,65|0|0|0,18|56|11,2|7,6|0|0|0,85|2107001001|0|
|C170|2|Item 8|Descri  o Item|800|UN|19,6|0|1|090|1556|100|0|0|0|0|0|0||49||0|0|0|56|19,6|1,65|0|0|0,32|56|19,6|7,6|0|0|1,49|2107001001|0|
|C170|3|Item 9|Descri  o Item|300|UN|4,47|0|1|090|1556|100|0|0|0|0|0|0||49||0|0|0|56|4,47|1,65|0|0|0,07|56|4,47|7,6|0|0|0,34|2107001001|0|
|C170|4|Item 10|Descri  o Item|1100|UN|123,64|0|1|090|1556|100|0|0|0|0|0|0||49||0|0|0|56|123,64|1,65|0|0|2,04|56|123,64|7,6|0|0|9,4|2107001001|0|
|C190|090|1556|0|158,91|0|0|0|0|0|0||
|C100|0|1|71559322000113|55|00|001|6|35230171559322000113550010000000061240866591|01012023|31012023|75,21|2|0|0|75,21|2|0|0|0|0|0|0|0|0|1,24|5,72|0|0|
|C170|1|Item 1|Descri  o Item|300|UN|4,47|0|1|090|1556|100|0|0|0|0|0|0||49||0|0|0|56|4,47|1,65|0|0|0,07|56|4,47|7,6|0|0|0,34|2107001001|0|
|C170|2|Item 2|Descri  o Item|600|UN|70,74|0|1|090|1556|100|0|0|0|0|0|0||49||0|0|0|56|70,74|1,65|0|0|1,17|56|70,74|7,6|0|0|5,38|2107001001|0|
|C190|090|1556|0|75,21|0|0|0|0|0|0||
|C100|0|1|71559322000113|55|00|004|7|35230171559322000113550040000000071240866598|01012023|31012023|84,91|2|0|0|84,91|9|0|0|0|0|0|0|0|0|0|0|0|0|
|C110|ICMIC4|Isento ou nao sujeito a ICMS|
|C170|1|Item 3|Descri  o Item|1|UN|84,91|0|1|040|2557|100|0|0|0|0|0|0||49||0|0|0|98|0|0|0|0|0|98|0|0|0|0|0|2107001001|0|
|C190|040|2557|0|84,91|0|0|0|0|0|0|ICMIC4|
|C100|0|1|71559322000113|55|00|004|8|35230171559322000113550040000000081240866595|01012023|31012023|570,37|2|0|0|570,37|2|0|0|0|0|0|0|0|0|0|0|0|0|
|C170|1|Item 4|Descri  o Item|2000|UN|570,37|0|1|040|2557|100|0|0|0|0|0|0||49||0|0|0|98|0|0|0|0|0|98|0|0|0|0|0|2107001001|0|
|C190|040|2557|0|570,37|0|0|0|0|0|0||
|C100|0|1|71559322000113|55|00|004|9|35230171559322000113550040000000091240866592|01012023|31012023|0,02|2|0|0|0,02|2|0|0|0|0|0|0|0|0|0|0|0|0|
|C170|1|Item 5|Descri  o Item|200|UN|0,02|0|1|040|2552|100|0|0|0|0|0|0||49||0|0|0|98|0|0|0|0|0|98|0|0|0|0|0|2107001001|0|
|C190|040|2552|0|0,02|0|0|0|0|0|0||
|C100|0|1|46483670000107|55|00|004|10|35230146483670000107550040000000101240866594|01012023|31012023|506,93|2|0|0|506,93|2|0|0|0|0|0|0|0|0|0|0|0|0|
|C170|1|Item 6|Descri  o Item|3600|UN|177,84|0|1|040|2557|100|0|0|0|0|0|0||49||0|0|0|98|0|0|0|0|0|98|0|0|0|0|0|2107001001|0|
|C170|2|Item 7|Descri  o Item|1200|UN|32,35|0|1|040|2557|100|0|0|0|0|0|0||49||0|0|0|98|0|0|0|0|0|98|0|0|0|0|0|2107001001|0|
|C170|3|Item 8|Descri  o Item|6000|UN|296,74|0|1|040|2557|100|0|0|0|0|0|0||49||0|0|0|98|0|0|0|0|0|98|0|0|0|0|0|2107001001|0|
|C190|040|2557|0|506,93|0|0|0|0|0|0||
|C100|0|1|46483670000107|55|00|000|11|35230146483670000107550000000000111240866596|01012023|31012023|1252481,22|2|0|0|1252481,22|9|0|0|0|0|0|0|0|0|0|0|0|0|
|C170|1|Item 9|Descri  o Item|216318|UN|1252481,22|0|1|090|1653|100|0|0|0|0|0|0||49||0|0|0|98|0|0|0|0|0|98|0|0|0|0|0|2107001001|0|
|C190|090|1653|0|1252481,22|0|0|0|0|0|0|ICMIC4|
|C100|0|1|46483670000107|55|00|001|12|35230146483670000107550010000000121240866590|01012023|31012023|145,95|2|0|0|145,95|2|0|0|0|0|0|0|0|0|2,4|11,09|0|0|
|C170|1|Item 10|Descri  o Item|300|UN|4,47|0|1|090|1556|100|0|0|0|0|0|0||49||0|0|0|56|4,47|1,65|0|0|0,07|56|4,47|7,6|0|0|0,34|2107001001|0|
|C170|2|Item 1|Descri  o Item|1200|UN|141,48|0|1|090|1556|100|0|0|0|0|0|0||49||0|0|0|56|141,48|1,65|0|0|2,33|56|141,48|7,6|0|0|10,75|2107001001|0|
|C190|090|1556|0|145,95|0|0|0|0|0|0||
|C100|0|1|46483670000107|55|00|001|13|35230146483670000107550010000000131240866597|01012023|31012023|225,27|2|0|0|225,27|2|0|0|0|0|0|0|0|0|3,71|17,12|0|0|
|C170|1|Item 2|Descri  o Item|1200|UN|141,48|0|1|090|1556|100|0|0|0|0|0|0||49||0|0|0|56|141,48|1,65|0|0|2,33|56|141,48|7,6|0|0|10,75|2107001001|0|
|C170|2|Item 3|Descri  o Item|300|UN|4,47|0|1|090|1556|100|0|0|0|0|0|0||49||0|0|0|56|4,47|1,65|0|0|0,07|56|4,47|7,6|0|0|0,34|2107001001|0|
|C170|3|Item 4|Descri  o Item|600|UN|79,32|0|1|090|1556|100|0|0|0|0|0|0||49||0|0|0|56|79,32|1,65|0|0|1,31|56|79,32|7,6|0|0|6,03|2107001001|0|
|C190|090|1556|0|225,27|0|0|0|0|0|0||
|C100|0|1|46483670000107|55|00|001|14|35230146483670000107550010000000141240866594|01012023|31012023|191,4|2|0|0|191,4|2|0|0|0|0|0|0|0|0|3,15|14,54|0|0|
|C170|1|Item 5|Descri  o Item|700|UN|9,8|0|1|090|1556|100|0|0|0|0|0|0||49||0|0|0|56|9,8|1,65|0|0|0,16|56|9,8|7,6|0|0|0,74|2107001001|0|
|C170|2|Item 6|Descri  o Item|700|UN|17,15|0|1|090|1556|100|0|0|0|0|0|0||49||0|0|0|56|17,15|1,65|0|0|0,28|56|17,15|7,6|0|0|1,3|2107001001|0|
|C170|3|Item 7|Descri  o Item|600|UN|67,44|0|1|090|1556|100|0|0|0|0|0|0||49||0|0|0|56|67,44|1,65|0|0|1,11|56|67,44|7,6|0|0|5,13|2107001001|0|
|C170|4|Item 8|Descri  o Item|700|UN|92,54|0|1|090|1556|100|0|0|0|0|0|0||49||0|0|0|56|92,54|1,65|0|0|1,53|56|92,54|7,6|0|0|7,03|2107001001|0|
|C170|5|Item 9|Descri  o Item|300|UN|4,47|0|1|090|1556|100|0|0|0|0|0|0||49||0|0|0|56|4,47|1,65|0|0|0,07|56|4,47|7,6|0|0|0,34|2107001001|0|
|C190|090|1556|0|191,4|0|0|0|0|0|0||
|C100|0|1|46483670000107|55|00|001|15|35230146483670000107550010000000151240866591|01012023|31012023|158,91|2|0|0|158,91|2|0|0|0|0|0|0|0|0|2,61|12,08|0|0|
|C170|1|Item 10|Descri  o Item|800|UN|11,2|0|1|090|1556|100|0|0|0|0|0|0||49||0|0|0|56|11,2|1,65|0|0|0,18|56|11,2|7,6|0|0|0,85|2107001001|0|
|C170|2|Item 1|Descri  o Item|800|UN|19,6|0|1|090|1556|100|0|0|0|0|0|0||49||0|0|0|56|19,6|1,65|0|0|0,32|56|19,6|7,6|0|0|1,49|2107001001|0|
|C170|3|Item 2|Descri  o Item|1100|UN|123,64|0|1|090|1556|100|0|0|0|0|0|0||49||0|0|0|56|123,64|1,65|0|0|2,04|56|123,64|7,6|0|0|9,4|2107001001|0|
|C170|4|Item 3|Descri  o Item|300|UN|4,47|0|1|090|1556|100|0|0|0|0|0|0||49||0|0|0|56|4,47|1,65|0|0|0,07|56|4,47|7,6|0|0|0,34|2107001001|0|
|C190|090|1556|0|158,91|0|0|0|0|0|0||
|C100|0|1|46483670000107|55|00|001|16|35230146483670000107550010000000161240866599|01012023|31012023|4,47|2|0|0|4,47|2|0|0|0|0|0|0|0|0|0,07|0,34|0|0|
|C170|1|Item 4|Descri  o Item|300|UN|4,47|0|1|090|1556|100|0|0|0|0|0|0||49||0|0|0|56|4,47|1,65|0|0|0,07|56|4,47|7,6|0|0|0,34|2107001001|0|
|C190|090|1556|0|4,47|0|0|0|0|0|0||
|C100|0|1|46483670000107|55|00|001|17|35230146483670000107550010000000171240866596|01012023|31012023|304,59|2|0|0|304,59|2|0|0|0|0|0|0|0|0|5,02|23,15|0|0|
|C170|1|Item 5|Descri  o Item|1200|UN|158,64|0|1|090|1556|100|0|0|0|0|0|0||49||0|0|0|56|158,64|1,65|0|0|2,62|56|158,64|7,6|0|0|12,06|2107001001|0|
|C170|2|Item 6|Descri  o Item|300|UN|4,47|0|1|090|1556|100|0|0|0|0|0|0||49||0|0|0|56|4,47|1,65|0|0|0,07|56|4,47|7,6|0|0|0,34|2107001001|0|
|C170|3|Item 7|Descri  o Item|1200|UN|141,48|0|1|090|1556|100|0|0|0|0|0|0||49||0|0|0|56|141,48|1,65|0|0|2,33|56|141,48|7,6|0|0|10,75|2107001001|0|
|C190|090|1556|0|304,59|0|0|0|0|0|0||
|C100|0|1|46483670000107|55|00|001|18|35230146483670000107550010000000181240866593|01012023|31012023|97,01|2|0|0|97,01|2|0|0|0|0|0|0|0|0|1,6|7,37|0|0|
|C170|1|Item 8|Descri  o Item|700|UN|92,54|0|1|090|1556|100|0|0|0|0|0|0||49||0|0|0|56|92,54|1,65|0|0|1,53|56|92,54|7,6|0|0|7,03|2107001001|0|
|C170|2|Item 9|Descri  o Item|300|UN|4,47|0|1|090|1556|100|0|0|0|0|0|0||49||0|0|0|56|4,47|1,65|0|0|0,07|56|4,47|7,6|0|0|0,34|2107001001|0|
|C190|090|1556|0|97,01|0|0|0|0|0|0||
|C100|0|1|46483670000107|55|00|004|19|35230146483670000107550040000000191240866590|01012023|31012023|810|2|0|0|810|2|0|0|0|0|0|0|0|0|0|0|0|0|
|C170|1|Item 10|Descri  o Item|200|UN|810|0|1|040|2557|100|0|0|0|0|0|0||49||0|0|0|98|0|0|0|0|0|98|0|0|0|0|0|2107001001|0|
|C190|040|2557|0|810|0|0|0|0|0|0||
|C100|0|1|44605548000130|55|00|000|20|35230144605548000130550000000000201240866596|01012023|31012023|1114100,22|2|0|0|1114100,22|9|0|0|0|0|0|0|0|0|0|0|0|0|
|C170|1|Item 1|Descri  o Item|192418|UN|1114100,22|0|1|090|1653|100|0|0|0|0|0|0||49||0|0|0|98|0|0|0|0|0|98|0|0|0|0|0|2107001001|0|
|C190|090|1653|0|1114100,22|0|0|0|0|0|0|ICMIC4|
|C100|0|1|44605548000130|55|00|004|21|35230144605548000130550040000000211240866599|01012023|31012023|820,95|2|0|0|820,95|2|0|0|0|0|0|0|0|0|0|0|0|0|
|C170|1|Item 2|Descri  o Item|100|UN|820,95|0|1|140|2557|100|0|0|0|0|0|0||49||0|0|0|98|0|0|0|0|0|98|0|0|0|0|0|2107001001|0|
|C190|140|2557|0|820,95|0|0|0|0|0|0||
|C100|0|1|44605548000130|55|00|004|22|35230144605548000130550040000000221240866596|01012023|31012023|15180,72|2|0|0|15180,72|2|0|0|0|0|0|0|0|0|0|0|0|0|
|C170|1|Item 3|Descri  o Item|462000|UN|3353,23|0|1|040|2557|100|0|0|0|0|0|0||49||0|0|0|98|0|0|0|0|0|98|0|0|0|0|0|2107001001|0|
|C170|2|Item 4|Descri  o Item|500000|UN|3912,83|0|1|040|2557|100|0|0|0|0|0|0||49||0|0|0|98|0|0|0|0|0|98|0|0|0|0|0|2107001001|0|
|C170|3|Item 5|Descri  o Item|420000|UN|622,3|0|1|040|2557|100|0|0|0|0|0|0||49||0|0|0|98|0|0|0|0|0|98|0|0|0|0|0|2107001001|0|
|C170|4|Item 6|Descri  o Item|62400|UN|1506,3|0|1|040|2557|100|0|0|0|0|0|0||49||0|0|0|98|0|0|0|0|0|98|0|0|0|0|0|2107001001|0|
|C170|5|Item 7|Descri  o Item|200000|UN|1960|0|1|040|2557|100|0|0|0|0|0|0||49||0|0|0|98|0|0|0|0|0|98|0|0|0|0|0|2107001001|0|
|C170|6|Item 8|Descri  o Item|800000|UN|3826,06|0|1|040|2557|100|0|0|0|0|0|0||49||0|0|0|98|0|0|0|0|0|98|0|0|0|0|0|2107001001|0|
|C190|040|2557|0|15180,72|0|0|0|0|0|0||
|C100|0|1|44605548000130|55|00|004|23|35230144605548000130550040000000231240866593|01012023|31012023|260,52|2|0|0|260,52|9|0|0|0|0|0|0|0|0|0|0|0|0|
|C110|ICMIC4|Isento ou nao sujeito a ICMS|
|C170|1|Item 9|Descri  o Item|1|UN|130,26|0|1|040|2557|100|0|0|0|0|0|0||49||0|0|0|98|0|0|0|0|0|98|0|0|0|0|0|2107001001|0|
|C170|2|Item 10|Descri  o Item|1|UN|130,26|0|1|040|2557|100|0|0|0|0|0|0||49||0|0|0|98|0|0|0|0|0|98|0|0|0|0|0|2107001001|0|
|C190|040|2557|0|260,52|0|0|0|0|0|0|ICMIC4|
|C100|0|1|44605548000130|55|00|004|24|35230144605548000130550040000000241240866590|01012023|31012023|5567,4|2|0|0|5567,4|2|0|0|0|0|0|0|0|0|0|0|0|0|
|C170|1|Item 1|Descri  o Item|300000|UN|3367,4|0|1|040|2557|100|0|0|0|0|0|0||49||0|0|0|98|0|0|0|0|0|98|0|0|0|0|0|2107001001|0|
|C170|2|Item 2|Descri  o Item|2000|UN|1940|0|1|040|2557|100|0|0|0|0|0|0||49||0|0|0|98|0|0|0|0|0|98|0|0|0|0|0|2107001001|0|
|C170|3|Item 3|Descri  o Item|200000|UN|260|0|1|040|2557|100|0|0|0|0|0|0||49||0|0|0|98|0|0|0|0|0|98|0|0|0|0|0|2107001001|0|
|C190|040|2557|0|5567,4|0|0|0|0|0|0||
|C100|0|1|44605548000130|55|00|004|25|35230144605548000130550040000000251240866598|01012023|31012023|10361,06|2|0|0|10361,06|2|0|0|0|0|0|0|0|0|0|0|0|0|
|C170|1|Item 4|Descri  o Item|600000|UN|1980|0|1|040|2557|100|0|0|0|0|0|0||49||0|0|0|98|0|0|0|0|0|98|0|0|0|0|0|2107001001|0|
|C170|2|Item 5|Descri  o Item|288000|UN|7163,26|0|1|040|2557|100|0|0|0|0|0|0||49||0|0|0|98|0|0|0|0|0|98|0|0|0|0|0|2107001001|0|
|C170|3|Item 6|Descri  o Item|288000|UN|1217,8|0|1|040|2557|100|0|0|0|0|0|0||49||0|0|0|98|0|0|0|0|0|98|0|0|0|0|0|2107001001|0|
|C190|040|2557|0|10361,06|0|0|0|0|0|0||
|C100|0|1|44605548000130|55|00|004|26|35230144605548000130550040000000261240866595|01012023|31012023|5607|2|0|0|5607|9|0|0|0|0|0|0|0|0|0|0|0|0|
|C110|ICMIC4|Isento ou nao sujeito a ICMS|
|C170|1|Item 7|Descri  o Item|2900|UN|2175|0|1|040|2557|100|0|0|0|0|0|0||49||0|0|0|56|0|0|0|0|0|56|0|0|0|0|0|2107001001|0|
|C170|2|Item 8|Descri  o Item|4400|UN|3432|0|1|040|2557|100|0|0|0|0|0|0||49||0|0|0|56|0|0|0|0|0|56|0|0|0|0|0|2107001001|0|
|C190|040|2557|0|5607|0|0|0|0|0|0|ICMIC4|
|C100|0|1|44605548000130|55|00|004|27|35230144605548000130550040000000271240866592|01012023|31012023|7,9|2|0|0|7,9|2|0|0|0|0|0|0|0|0|0|0|0|0|
|C170|1|Item 9|Descri  o Item|100|UN|7,9|0|1|040|2557|100|0|0|0|0|0|0||49||0|0|0|98|0|0|0|0|0|98|0|0|0|0|0|2107001001|0|
|C190|040|2557|0|7,9|0|0|0|0|0|0||
|C100|0|1|44605548000130|55|00|004|28|35230144605548000130550040000000281240866590|01012023|31012023|43,9|2|0|0|43,9|2|0|0|0|0|0|0|0|0|0|0|0|0|
|C170|1|Item 10|Descri  o Item|1000|UN|43,9|0|1|040|2557|100|0|0|0|0|0|0||49||0|0|0|98|0|0|0|0|0|98|0|0|0|0|0|2107001001|0|
|C190|040|2557|0|43,9|0|0|0|0|0|0||
|C100|0|1|35448010000179|55|00|004|29|35230135448010000179550040000000291240866591|01012023|31012023|875|2|0|0|875|2|0|0|0|0|0|0|0|0|0|0|0|0|
|C170|1|Item 8|Descri  o Item|10000|UN|875|0|1|040|2557|100|0|0|0|0|0|0||49||0|0|0|98|0|0|0|0|0|98|0|0|0|0|0|2107001001|0|
|C190|040|2557|0|875|0|0|0|0|0|0||
|C100|0|1|35448010000179|55|00|000|30|35230135448010000179550000000000301240866597|01012023|31012023|1163060,46|2|0|0|1163060,46|9|0|0|0|0|0|0|0|0|0|0|0|0|
|C170|1|Item 9|Descri  o Item|200874|UN|1163060,46|0|1|090|1653|100|0|0|0|0|0|0||49||0|0|0|98|0|0|0|0|0|98|0|0|0|0|0|2107001001|0|
|C190|090|1653|0|1163060,46|0|0|0|0|0|0|ICMIC4|
|C100|0|1|35448010000179|55|00|004|31|35230135448010000179550040000000311240866590|01012023|31012023|756,09|2|0|0|756,09|2|0|0|0|0|0|0|0|0|0|0|0|0|
|C170|1|Item 10|Descri  o Item|1000|UN|544,5|0|1|040|2557|100|0|0|0|0|0|0||49||0|0|0|98|0|0|0|0|0|98|0|0|0|0|0|2107001001|0|
|C170|2|Item 1|Descri  o Item|1000|UN|211,59|0|1|040|2557|100|0|0|0|0|0|0||49||0|0|0|98|0|0|0|0|0|98|0|0|0|0|0|2107001001|0|
|C190|040|2557|0|756,09|0|0|0|0|0|0||
|C100|0|1|35448010000179|55|00|004|32|35230135448010000179550040000000321240866597|01012023|31012023|974,95|2|0|0|974,95|2|0|0|0|0|0|0|0|0|0|0|0|0|
|C170|1|Item 2|Descri  o Item|200|UN|974,95|0|1|040|2557|100|0|0|0|0|0|0||49||0|0|0|98|0|0|0|0|0|98|0|0|0|0|0|2107001001|0|
|C190|040|2557|0|974,95|0|0|0|0|0|0||
|C100|0|1|35448010000179|55|00|000|33|35230135448010000179550000000000331240866599|01012023|31012023|1378830,6|2|0|0|1378830,6|9|0|0|0|0|0|0|0|0|0|0|0|0|
|C170|1|Item 3|Descri  o Item|238140|UN|1378830,6|0|1|090|1653|100|0|0|0|0|0|0||49||0|0|0|98|0|0|0|0|0|98|0|0|0|0|0|2107001001|0|
|C190|090|1653|0|1378830,6|0|0|0|0|0|0|ICMIC4|
|C100|0|1|35448010000179|55|00|000|34|35230135448010000179550000000000341240866596|01012023|31012023|1229865,48|2|0|0|1229865,48|9|0|0|0|0|0|0|0|0|0|0|0|0|
|C170|1|Item 4|Descri  o Item|212412|UN|1229865,48|0|1|090|1653|100|0|0|0|0|0|0||49||0|0|0|98|0|0|0|0|0|98|0|0|0|0|0|2107001001|0|
|C190|090|1653|0|1229865,48|0|0|0|0|0|0|ICMIC4|
|C100|0|1|35448010000179|55|00|001|35|35230135448010000179550010000000351240866590|01012023|31012023|317,07|2|0|0|317,07|2|0|0|0|0|0|0|0|0|5,22|24,09|0|0|
|C170|1|Item 5|Descri  o Item|700|UN|17,15|0|1|090|1556|100|0|0|0|0|0|0||49||0|0|0|56|17,15|1,65|0|0|0,28|56|17,15|7,6|0|0|1,3|2107001001|0|
|C170|2|Item 6|Descri  o Item|700|UN|9,8|0|1|090|1556|100|0|0|0|0|0|0||49||0|0|0|56|9,8|1,65|0|0|0,16|56|9,8|7,6|0|0|0,74|2107001001|0|
|C170|3|Item 7|Descri  o Item|300|UN|4,47|0|1|090|1556|100|0|0|0|0|0|0||49||0|0|0|56|4,47|1,65|0|0|0,07|56|4,47|7,6|0|0|0,34|2107001001|0|
|C170|4|Item 8|Descri  o Item|1500|UN|203,25|0|1|090|1556|100|0|0|0|0|0|0||49||0|0|0|56|203,25|1,65|0|0|3,35|56|203,25|7,6|0|0|15,45|2107001001|0|
|C170|5|Item 9|Descri  o Item|800|UN|82,4|0|1|090|1556|100|0|0|0|0|0|0||49||0|0|0|56|82,4|1,65|0|0|1,36|56|82,4|7,6|0|0|6,26|2107001001|0|
|C190|090|1556|0|317,07|0|0|0|0|0|0||
|C100|0|1|35448010000179|55|00|001|36|35230135448010000179550010000000361240866597|01012023|31012023|336,27|2|0|0|336,27|2|0|0|0|0|0|0|0|0|5,55|25,56|0|0|
|C170|1|Item 10|Descri  o Item|600|UN|81,3|0|1|090|1556|100|0|0|0|0|0|0||49||0|0|0|56|81,3|1,65|0|0|1,34|56|81,3|7,6|0|0|6,18|2107001001|0|
|C170|2|Item 1|Descri  o Item|900|UN|13,41|0|1|090|1556|100|0|0|0|0|0|0||49||0|0|0|56|13,41|1,65|0|0|0,22|56|13,41|7,6|0|0|1,02|2107001001|0|
|C170|3|Item 2|Descri  o Item|1200|UN|241,56|0|1|090|1556|100|0|0|0|0|0|0||49||0|0|0|56|241,56|1,65|0|0|3,99|56|241,56|7,6|0|0|18,36|2107001001|0|
|C190|090|1556|0|336,27|0|0|0|0|0|0||
|C100|0|1|35448010000179|55|00|001|37|35230135448010000179550010000000371240866594|01012023|31012023|484,93|2|0|0|484,93|2|0|0|0|0|0|0|0|0|8|36,86|0|0|
|C170|1|Item 3|Descri  o Item|1400|UN|189,7|0|1|090|1556|100|0|0|0|0|0|0||49||0|0|0|56|189,7|1,65|0|0|3,13|56|189,7|7,6|0|0|14,42|2107001001|0|
|C170|2|Item 4|Descri  o Item|1400|UN|281,82|0|1|090|1556|100|0|0|0|0|0|0||49||0|0|0|56|281,82|1,65|0|0|4,65|56|281,82|7,6|0|0|21,42|2107001001|0|
|C170|3|Item 5|Descri  o Item|900|UN|13,41|0|1|090|1556|100|0|0|0|0|0|0||49||0|0|0|56|13,41|1,65|0|0|0,22|56|13,41|7,6|0|0|1,02|2107001001|0|
|C190|090|1556|0|484,93|0|0|0|0|0|0||
|C100|0|1|44527238000145|55|00|001|38|35230144527238000145550010000000381240866590|01012023|31012023|8,94|2|0|0|8,94|2|0|0|0|0|0|0|0|0|0,15|0,68|0|0|
|C170|1|Item 6|Descri  o Item|600|UN|8,94|0|1|090|1556|100|0|0|0|0|0|0||49||0|0|0|56|8,94|1,65|0|0|0,15|56|8,94|7,6|0|0|0,68|2107001001|0|
|C190|090|1556|0|8,94|0|0|0|0|0|0||
|C100|0|1|44527238000145|55|00|001|39|35230144527238000145550010000000391240866598|01012023|31012023|106,01|2|0|0|106,01|2|0|0|0|0|0|0|0|0|1,74|8,06|0|0|
|C170|1|Item 7|Descri  o Item|600|UN|61,8|0|1|090|1556|100|0|0|0|0|0|0||49||0|0|0|56|61,8|1,65|0|0|1,02|56|61,8|7,6|0|0|4,7|2107001001|0|
|C170|2|Item 8|Descri  o Item|800|UN|11,2|0|1|090|1556|100|0|0|0|0|0|0||49||0|0|0|56|11,2|1,65|0|0|0,18|56|11,2|7,6|0|0|0,85|2107001001|0|
|C170|3|Item 9|Descri  o Item|800|UN|19,6|0|1|090|1556|100|0|0|0|0|0|0||49||0|0|0|56|19,6|1,65|0|0|0,32|56|19,6|7,6|0|0|1,49|2107001001|0|
|C170|4|Item 10|Descri  o Item|900|UN|13,41|0|1|090|1556|100|0|0|0|0|0|0||49||0|0|0|56|13,41|1,65|0|0|0,22|56|13,41|7,6|0|0|1,02|2107001001|0|
|C190|090|1556|0|106,01|0|0|0|0|0|0||
|C100|0|1|44527238000145|55|00|001|40|35230144527238000145550010000000401240866599|01012023|31012023|213,41|2|0|0|213,41|2|0|0|0|0|0|0|0|0|3,52|16,22|0|0|
|C170|1|Item 1|Descri  o Item|100|UN|10,3|0|1|090|1556|100|0|0|0|0|0|0||49||0|0|0|56|10,3|1,65|0|0|0,17|56|10,3|7,6|0|0|0,78|2107001001|0|
|C170|2|Item 2|Descri  o Item|900|UN|13,41|0|1|090|1556|100|0|0|0|0|0|0||49||0|0|0|56|13,41|1,65|0|0|0,22|56|13,41|7,6|0|0|1,02|2107001001|0|
|C170|3|Item 3|Descri  o Item|1400|UN|189,7|0|1|090|1556|100|0|0|0|0|0|0||49||0|0|0|56|189,7|1,65|0|0|3,13|56|189,7|7,6|0|0|14,42|2107001001|0|
|C190|090|1556|0|213,41|0|0|0|0|0|0||
|C100|0|1|44527238000145|55|00|001|41|35230144527238000145550010000000411240866596|01012023|31012023|403,63|2|0|0|403,63|2|0|0|0|0|0|0|0|0|6,66|30,68|0|0|
|C170|1|Item 4|Descri  o Item|900|UN|13,41|0|1|090|1556|100|0|0|0|0|0|0||49||0|0|0|56|13,41|1,65|0|0|0,22|56|13,41|7,6|0|0|1,02|2107001001|0|
|C170|2|Item 5|Descri  o Item|800|UN|108,4|0|1|090|1556|100|0|0|0|0|0|0||49||0|0|0|56|108,4|1,65|0|0|1,79|56|108,4|7,6|0|0|8,24|2107001001|0|
|C170|3|Item 6|Descri  o Item|1400|UN|281,82|0|1|090|1556|100|0|0|0|0|0|0||49||0|0|0|56|281,82|1,65|0|0|4,65|56|281,82|7,6|0|0|21,42|2107001001|0|
|C190|090|1556|0|403,63|0|0|0|0|0|0||
|C100|0|1|44527238000145|55|00|001|42|35230144527238000145550010000000421240866593|01012023|31012023|323,89|2|0|0|323,89|2|0|0|0|0|0|0|0|0|5,34|24,62|0|0|
|C170|1|Item 7|Descri  o Item|900|UN|13,41|0|1|090|1556|100|0|0|0|0|0|0||49||0|0|0|56|13,41|1,65|0|0|0,22|56|13,41|7,6|0|0|1,02|2107001001|0|
|C170|2|Item 8|Descri  o Item|600|UN|120,78|0|1|090|1556|100|0|0|0|0|0|0||49||0|0|0|56|120,78|1,65|0|0|1,99|56|120,78|7,6|0|0|9,18|2107001001|0|
|C170|3|Item 9|Descri  o Item|1400|UN|189,7|0|1|090|1556|100|0|0|0|0|0|0||49||0|0|0|56|189,7|1,65|0|0|3,13|56|189,7|7,6|0|0|14,42|2107001001|0|
|C190|090|1556|0|323,89|0|0|0|0|0|0||
|C100|0|1|44527238000145|55|00|001|43|35230144527238000145550010000000431240866590|01012023|31012023|484,15|2|0|0|484,15|2|0|0|0|0|0|0|0|0|7,99|36,8|0|0|
|C170|1|Item 10|Descri  o Item|800|UN|108,4|0|1|090|1556|100|0|0|0|0|0|0||49||0|0|0|56|108,4|1,65|0|0|1,79|56|108,4|7,6|0|0|8,24|2107001001|0|
|C170|2|Item 1|Descri  o Item|900|UN|13,41|0|1|090|1556|100|0|0|0|0|0|0||49||0|0|0|56|13,41|1,65|0|0|0,22|56|13,41|7,6|0|0|1,02|2107001001|0|
|C170|3|Item 2|Descri  o Item|1800|UN|362,34|0|1|090|1556|100|0|0|0|0|0|0||49||0|0|0|56|362,34|1,65|0|0|5,98|56|362,34|7,6|0|0|27,54|2107001001|0|
|C190|090|1556|0|484,15|0|0|0|0|0|0||
|C100|0|1|44527238000145|55|00|001|44|35230144527238000145550010000000441240866598|01012023|31012023|8,94|2|0|0|8,94|2|0|0|0|0|0|0|0|0|0,15|0,68|0|0|
|C170|1|Item 3|Descri  o Item|600|UN|8,94|0|1|090|1556|100|0|0|0|0|0|0||49||0|0|0|56|8,94|1,65|0|0|0,15|56|8,94|7,6|0|0|0,68|2107001001|0|
|C190|090|1556|0|8,94|0|0|0|0|0|0||
|C100|0|1|44527238000145|55|00|001|45|35230144527238000145550010000000451240866595|01012023|31012023|8,94|2|0|0|8,94|2|0|0|0|0|0|0|0|0|0,15|0,68|0|0|
|C170|1|Item 4|Descri  o Item|600|UN|8,94|0|1|090|1556|100|0|0|0|0|0|0||49||0|0|0|56|8,94|1,65|0|0|0,15|56|8,94|7,6|0|0|0,68|2107001001|0|
|C190|090|1556|0|8,94|0|0|0|0|0|0||
|C100|0|1|44527238000145|55|00|001|46|35230144527238000145550010000000461240866592|01012023|31012023|40,36|2|0|0|40,36|2|0|0|0|0|0|0|0|0|0,66|3,06|0|0|
|C170|1|Item 5|Descri  o Item|700|UN|17,15|0|1|090|1556|100|0|0|0|0|0|0||49||0|0|0|56|17,15|1,65|0|0|0,28|56|17,15|7,6|0|0|1,3|2107001001|0|
|C170|2|Item 6|Descri  o Item|700|UN|9,8|0|1|090|1556|100|0|0|0|0|0|0||49||0|0|0|56|9,8|1,65|0|0|0,16|56|9,8|7,6|0|0|0,74|2107001001|0|
|C170|3|Item 7|Descri  o Item|900|UN|13,41|0|1|090|1556|100|0|0|0|0|0|0||49||0|0|0|56|13,41|1,65|0|0|0,22|56|13,41|7,6|0|0|1,02|2107001001|0|
|C190|090|1556|0|40,36|0|0|0|0|0|0||
|C100|0|1|19301644000148|55|00|001|47|35230119301644000148550010000000471240866598|01012023|31012023|285,51|2|0|0|285,51|2|0|0|0|0|0|0|0|0|4,71|21,7|0|0|
|C170|1|Item 8|Descri  o Item|900|UN|13,41|0|1|090|1556|100|0|0|0|0|0|0||49||0|0|0|56|13,41|1,65|0|0|0,22|56|13,41|7,6|0|0|1,02|2107001001|0|
|C170|2|Item 9|Descri  o Item|800|UN|82,4|0|1|090|1556|100|0|0|0|0|0|0||49||0|0|0|56|82,4|1,65|0|0|1,36|56|82,4|7,6|0|0|6,26|2107001001|0|
|C170|3|Item 10|Descri  o Item|1400|UN|189,7|0|1|090|1556|100|0|0|0|0|0|0||49||0|0|0|56|189,7|1,65|0|0|3,13|56|189,7|7,6|0|0|14,42|2107001001|0|
|C190|090|1556|0|285,51|0|0|0|0|0|0||
|C100|0|1|19301644000148|55|00|001|48|35230119301644000148550010000000481240866595|01012023|31012023|215,49|2|0|0|215,49|2|0|0|0|0|0|0|0|0|3,55|16,38|0|0|
|C170|1|Item 1|Descri  o Item|900|UN|13,41|0|1|090|1556|100|0|0|0|0|0|0||49||0|0|0|56|13,41|1,65|0|0|0,22|56|13,41|7,6|0|0|1,02|2107001001|0|
|C170|2|Item 2|Descri  o Item|600|UN|81,3|0|1|090|1556|100|0|0|0|0|0|0||49||0|0|0|56|81,3|1,65|0|0|1,34|56|81,3|7,6|0|0|6,18|2107001001|0|
|C170|3|Item 3|Descri  o Item|600|UN|120,78|0|1|090|1556|100|0|0|0|0|0|0||49||0|0|0|56|120,78|1,65|0|0|1,99|56|120,78|7,6|0|0|9,18|2107001001|0|
|C190|090|1556|0|215,49|0|0|0|0|0|0||
|C100|0|1|19301644000148|55|00|001|49|35230119301644000148550010000000491240866592|01012023|31012023|336,27|2|0|0|336,27|2|0|0|0|0|0|0|0|0|5,55|25,56|0|0|
|C170|1|Item 4|Descri  o Item|900|UN|13,41|0|1|090|1556|100|0|0|0|0|0|0||49||0|0|0|56|13,41|1,65|0|0|0,22|56|13,41|7,6|0|0|1,02|2107001001|0|
|C170|2|Item 5|Descri  o Item|600|UN|81,3|0|1|090|1556|100|0|0|0|0|0|0||49||0|0|0|56|81,3|1,65|0|0|1,34|56|81,3|7,6|0|0|6,18|2107001001|0|
|C170|3|Item 6|Descri  o Item|1200|UN|241,56|0|1|090|1556|100|0|0|0|0|0|0||49||0|0|0|56|241,56|1,65|0|0|3,99|56|241,56|7,6|0|0|18,36|2107001001|0|
|C190|090|1556|0|336,27|0|0|0|0|0|0||
|C100|0|1|19301644000148|55|00|001|50|35230119301644000148550010000000501240866593|01012023|31012023|516,92|2|0|0|516,92|2|0|0|0|0|0|0|0|0|8,53|39,28|0|0|
|C170|1|Item 7|Descri  o Item|2600|UN|352,3|0|1|090|1556|100|0|0|0|0|0|0||49||0|0|0|56|352,3|1,65|0|0|5,81|56|352,3|7,6|0|0|26,77|2107001001|0|
|C170|2|Item 8|Descri  o Item|100|UN|10,3|0|1|090|1556|100|0|0|0|0|0|0||49||0|0|0|56|10,3|1,65|0|0|0,17|56|10,3|7,6|0|0|0,78|2107001001|0|
|C170|3|Item 9|Descri  o Item|900|UN|13,41|0|1|090|1556|100|0|0|0|0|0|0||49||0|0|0|56|13,41|1,65|0|0|0,22|56|13,41|7,6|0|0|1,02|2107001001|0|
|C170|4|Item 10|Descri  o Item|700|UN|140,91|0|1|090|1556|100|0|0|0|0|0|0||49||0|0|0|56|140,91|1,65|0|0|2,33|56|140,91|7,6|0|0|10,71|2107001001|0|
|C190|090|1556|0|516,92|0|0|0|0|0|0||
|C100|0|1|19301644000148|55|00|001|51|35230119301644000148550010000000511240866590|01012023|31012023|32,66|2|0|0|32,66|2|0|0|0|0|0|0|0|0|0,54|2,48|0|0|
|C170|1|Item 1|Descri  o Item|500|UN|7|0|1|090|1556|100|0|0|0|0|0|0||49||0|0|0|56|7|1,65|0|0|0,12|56|7|7,6|0|0|0,53|2107001001|0|
|C170|2|Item 2|Descri  o Item|900|UN|13,41|0|1|090|1556|100|0|0|0|0|0|0||49||0|0|0|56|13,41|1,65|0|0|0,22|56|13,41|7,6|0|0|1,02|2107001001|0|
|C170|3|Item 3|Descri  o Item|500|UN|12,25|0|1|090|1556|100|0|0|0|0|0|0||49||0|0|0|56|12,25|1,65|0|0|0,2|56|12,25|7,6|0|0|0,93|2107001001|0|
|C190|090|1556|0|32,66|0|0|0|0|0|0||
|C100|0|1|19301644000148|55|00|001|52|35230119301644000148550010000000521240866598|01012023|31012023|201,87|2|0|0|201,87|2|0|0|0|0|0|0|0|0|3,33|15,34|0|0|
|C170|1|Item 4|Descri  o Item|900|UN|13,41|0|1|090|1556|100|0|0|0|0|0|0||49||0|0|0|56|13,41|1,65|0|0|0,22|56|13,41|7,6|0|0|1,02|2107001001|0|
|C170|2|Item 5|Descri  o Item|200|UN|20,6|0|1|090|1556|100|0|0|0|0|0|0||49||0|0|0|56|20,6|1,65|0|0|0,34|56|20,6|7,6|0|0|1,57|2107001001|0|
|C170|3|Item 6|Descri  o Item|700|UN|140,91|0|1|090|1556|100|0|0|0|0|0|0||49||0|0|0|56|140,91|1,65|0|0|2,33|56|140,91|7,6|0|0|10,71|2107001001|0|
|C170|4|Item 7|Descri  o Item|700|UN|9,8|0|1|090|1556|100|0|0|0|0|0|0||49||0|0|0|56|9,8|1,65|0|0|0,16|56|9,8|7,6|0|0|0,74|2107001001|0|
|C170|5|Item 8|Descri  o Item|700|UN|17,15|0|1|090|1556|100|0|0|0|0|0|0||49||0|0|0|56|17,15|1,65|0|0|0,28|56|17,15|7,6|0|0|1,3|2107001001|0|
|C190|090|1556|0|201,87|0|0|0|0|0|0||
|C100|0|1|19301644000148|55|00|001|53|35230119301644000148550010000000531240866595|01012023|31012023|180,39|2|0|0|180,39|2|0|0|0|0|0|0|0|0|2,98|13,71|0|0|
|C170|1|Item 9|Descri  o Item|900|UN|13,41|0|1|090|1556|100|0|0|0|0|0|0||49||0|0|0|56|13,41|1,65|0|0|0,22|56|13,41|7,6|0|0|1,02|2107001001|0|
|C170|2|Item 10|Descri  o Item|1200|UN|16,8|0|1|090|1556|100|0|0|0|0|0|0||49||0|0|0|56|16,8|1,65|0|0|0,28|56|16,8|7,6|0|0|1,28|2107001001|0|
|C170|3|Item 1|Descri  o Item|1200|UN|29,4|0|1|090|1556|100|0|0|0|0|0|0||49||0|0|0|56|29,4|1,65|0|0|0,49|56|29,4|7,6|0|0|2,23|2107001001|0|
|C170|4|Item 2|Descri  o Item|600|UN|120,78|0|1|090|1556|100|0|0|0|0|0|0||49||0|0|0|56|120,78|1,65|0|0|1,99|56|120,78|7,6|0|0|9,18|2107001001|0|
|C190|090|1556|0|180,39|0|0|0|0|0|0||
|C100|0|1|19301644000148|55|00|001|54|35230119301644000148550010000000541240866592|01012023|31012023|181,27|2|0|0|181,27|2|0|0|0|0|0|0|0|0|2,99|13,77|0|0|
|C170|1|Item 3|Descri  o Item|700|UN|17,15|0|1|090|1556|100|0|0|0|0|0|0||49||0|0|0|56|17,15|1,65|0|0|0,28|56|17,15|7,6|0|0|1,3|2107001001|0|
|C170|2|Item 4|Descri  o Item|700|UN|9,8|0|1|090|1556|100|0|0|0|0|0|0||49||0|0|0|56|9,8|1,65|0|0|0,16|56|9,8|7,6|0|0|0,74|2107001001|0|
|C170|3|Item 5|Descri  o Item|700|UN|140,91|0|1|090|1556|100|0|0|0|0|0|0||49||0|0|0|56|140,91|1,65|0|0|2,33|56|140,91|7,6|0|0|10,71|2107001001|0|
|C170|4|Item 6|Descri  o Item|900|UN|13,41|0|1|090|1556|100|0|0|0|0|0|0||49||0|0|0|56|13,41|1,65|0|0|0,22|56|13,41|7,6|0|0|1,02|2107001001|0|
|C190|090|1556|0|181,27|0|0|0|0|0|0||
|C100|0|1|19301644000148|55|00|001|55|35230119301644000148550010000000551240866590|01012023|31012023|8,94|2|0|0|8,94|2|0|0|0|0|0|0|0|0|0,15|0,68|0|0|
|C170|1|Item 7|Descri  o Item|600|UN|8,94|0|1|090|1556|100|0|0|0|0|0|0||49||0|0|0|56|8,94|1,65|0|0|0,15|56|8,94|7,6|0|0|0,68|2107001001|0|
|C190|090|1556|0|8,94|0|0|0|0|0|0||
|C100|0|1|19301644000148|55|00|001|56|35230119301644000148550010000000561240866597|01012023|31012023|157,51|2|0|0|157,51|2|0|0|0|0|0|0|0|0|2,59|11,97|0|0|
|C170|1|Item 8|Descri  o Item|900|UN|13,41|0|1|090|1556|100|0|0|0|0|0|0||49||0|0|0|56|13,41|1,65|0|0|0,22|56|13,41|7,6|0|0|1,02|2107001001|0|
|C170|2|Item 9|Descri  o Item|800|UN|11,2|0|1|090|1556|100|0|0|0|0|0|0||49||0|0|0|56|11,2|1,65|0|0|0,18|56|11,2|7,6|0|0|0,85|2107001001|0|
|C170|3|Item 10|Descri  o Item|800|UN|19,6|0|1|090|1556|100|0|0|0|0|0|0||49||0|0|0|56|19,6|1,65|0|0|0,32|56|19,6|7,6|0|0|1,49|2107001001|0|
|C170|4|Item 1|Descri  o Item|1100|UN|113,3|0|1|090|1556|100|0|0|0|0|0|0||49||0|0|0|56|113,3|1,65|0|0|1,87|56|113,3|7,6|0|0|8,61|2107001001|0|
|C190|090|1556|0|157,51|0|0|0|0|0|0||
|C100|0|1|91557683000138|55|00|001|57|35230191557683000138550010000000571240866594|01012023|31012023|197,55|2|0|0|197,55|2|0|0|0|0|0|0|0|0|3,26|15,02|0|0|
|C170|1|Item 2|Descri  o Item|900|UN|13,41|0|1|090|1556|100|0|0|0|0|0|0||49||0|0|0|56|13,41|1,65|0|0|0,22|56|13,41|7,6|0|0|1,02|2107001001|0|
|C170|2|Item 3|Descri  o Item|600|UN|8,4|0|1|090|1556|100|0|0|0|0|0|0||49||0|0|0|56|8,4|1,65|0|0|0,14|56|8,4|7,6|0|0|0,64|2107001001|0|
|C170|3|Item 4|Descri  o Item|600|UN|14,7|0|1|090|1556|100|0|0|0|0|0|0||49||0|0|0|56|14,7|1,65|0|0|0,24|56|14,7|7,6|0|0|1,12|2107001001|0|
|C170|4|Item 5|Descri  o Item|800|UN|161,04|0|1|090|1556|100|0|0|0|0|0|0||49||0|0|0|56|161,04|1,65|0|0|2,66|56|161,04|7,6|0|0|12,24|2107001001|0|
|C190|090|1556|0|197,55|0|0|0|0|0|0||
|C100|0|1|91557683000138|55|00|001|58|35230191557683000138550010000000581240866591|01012023|31012023|116,22|2|0|0|116,22|2|0|0|0|0|0|0|0|0|1,92|8,83|0|0|
|C170|1|Item 6|Descri  o Item|7800|UN|116,22|0|1|090|1556|100|0|0|0|0|0|0||49||0|0|0|56|116,22|1,65|0|0|1,92|56|116,22|7,6|0|0|8,83|2107001001|0|
|C190|090|1556|0|116,22|0|0|0|0|0|0||
|C100|0|1|91557683000138|55|00|001|59|35230191557683000138550010000000591240866599|01012023|31012023|297,42|2|0|0|297,42|2|0|0|0|0|0|0|0|0|4,91|22,61|0|0|
|C170|1|Item 7|Descri  o Item|600|UN|61,8|0|1|090|1556|100|0|0|0|0|0|0||49||0|0|0|56|61,8|1,65|0|0|1,02|56|61,8|7,6|0|0|4,7|2107001001|0|
|C170|2|Item 8|Descri  o Item|900|UN|13,41|0|1|090|1556|100|0|0|0|0|0|0||49||0|0|0|56|13,41|1,65|0|0|0,22|56|13,41|7,6|0|0|1,02|2107001001|0|
|C170|3|Item 9|Descri  o Item|600|UN|81,3|0|1|090|1556|100|0|0|0|0|0|0||49||0|0|0|56|81,3|1,65|0|0|1,34|56|81,3|7,6|0|0|6,18|2107001001|0|
|C170|4|Item 10|Descri  o Item|700|UN|140,91|0|1|090|1556|100|0|0|0|0|0|0||49||0|0|0|56|140,91|1,65|0|0|2,33|56|140,91|7,6|0|0|10,71|2107001001|0|
|C190|090|1556|0|297,42|0|0|0|0|0|0||
|C100|0|1|91557683000138|55|00|001|60|35230191557683000138550010000000601240866590|01012023|31012023|8,94|2|0|0|8,94|2|0|0|0|0|0|0|0|0|0,15|0,68|0|0|
|C170|1|Item 1|Descri  o Item|600|UN|8,94|0|1|090|1556|100|0|0|0|0|0|0||49||0|0|0|56|8,94|1,65|0|0|0,15|56|8,94|7,6|0|0|0,68|2107001001|0|
|C190|090|1556|0|8,94|0|0|0|0|0|0||
|C100|0|1|91557683000138|55|00|003|61|35230191557683000138550030000000611240866590|01012023|31012023|2027,43|2|0|0|2027,43|2|0|0|63,81|0|0|0|0|0|0|0|0|0|
|C170|1|Item 2|Descri  o Item|100|UN|345,72|0|1|690|2949|100|0|0|0|0|0|0||49||0|0|0|98|0|0|0|0|0|98|0|0|0|0|0|2107001001|0|
|C170|2|Item 3|Descri  o Item|100|UN|583,43|0|1|690|2949|100|0|0|0|0|0|0||49||0|0|0|98|0|0|0|0|0|98|0|0|0|0|0|2107001001|0|
|C170|3|Item 4|Descri  o Item|300|UN|1098,28|0|1|690|2949|100|0|0|0|0|0|0||49||0|0|0|98|0|0|0|0|0|98|0|0|0|0|0|2107001001|0|
|C190|690|2949|0|2027,43|0|0|0|0|0|0||
|C100|0|1|91557683000138|55|00|004|62|35230191557683000138550040000000621240866593|01012023|31012023|1854,72|2|0|0|1854,72|9|0|0|0|0|0|0|0|0|0|0|0|0|
|C110|ICMIC4|Isento ou nao sujeito a ICMS|
|C170|1|Item 5|Descri  o Item|2898|UN|927,36|0|1|040|2557|100|0|0|0|0|0|0||49||0|0|0|56|0|0|0|0|0|56|0|0|0|0|0|2107001001|0|
|C170|2|Item 6|Descri  o Item|2898|UN|927,36|0|1|040|2557|100|0|0|0|0|0|0||49||0|0|0|56|0|0|0|0|0|56|0|0|0|0|0|2107001001|0|
|C190|040|2557|0|1854,72|0|0|0|0|0|0|ICMIC4|
|C100|0|1|91557683000138|55|00|004|63|35230191557683000138550040000000631240866590|01012023|31012023|100,6|2|0|0|100,6|9|0|0|0|0|0|0|0|0|0|0|0|0|
|C110|ICMIC4|Isento ou nao sujeito a ICMS|
|C170|1|Item 7|Descri  o Item|1|UN|100,6|0|1|140|2552|100|0|0|0|0|0|0||49||0|0|0|56|0|0|0|0|0|56|0|0|0|0|0|2107001001|0|
|C190|140|2552|0|100,6|0|0|0|0|0|0|ICMIC4|
|C100|0|1|91557683000138|55|00|004|64|35230191557683000138550040000000641240866598|01012023|31012023|241,34|2|0|0|241,34|9|0|0|0|0|0|0|0|0|0|0|0|0|
|C110|ICMIC4|Isento ou nao sujeito a ICMS|
|C170|1|Item 8|Descri  o Item|1|UN|33,64|0|1|140|2552|100|0|0|0|0|0|0||49||0|0|0|56|0|0|0|0|0|56|0|0|0|0|0|2107001001|0|
|C170|2|Item 9|Descri  o Item|4|UN|53,6|0|1|140|2552|100|0|0|0|0|0|0||49||0|0|0|56|0|0|0|0|0|56|0|0|0|0|0|2107001001|0|
|C170|3|Item 10|Descri  o Item|3|UN|60|0|1|140|2552|100|0|0|0|0|0|0||49||0|0|0|56|0|0|0|0|0|56|0|0|0|0|0|2107001001|0|
|C170|4|Item 8|Descri  o Item|1|UN|94,1|0|1|140|2552|100|0|0|0|0|0|0||49||0|0|0|56|0|0|0|0|0|56|0|0|0|0|0|2107001001|0|
|C190|140|2552|0|241,34|0|0|0|0|0|0|ICMIC4|
|C100|0|1|91557683000138|55|00|004|65|35230191557683000138550040000000651240866595|01012023|31012023|54,32|2|0|0|54,32|9|0|0|0|0|0|0|0|0|0|0|0|0|
|C110|ICMIC4|Isento ou nao sujeito a ICMS|
|C170|1|Item 9|Descri  o Item|1|UN|54,32|0|1|140|2552|100|0|0|0|0|0|0||49||0|0|0|56|0|0|0|0|0|56|0|0|0|0|0|2107001001|0|
|C190|140|2552|0|54,32|0|0|0|0|0|0|ICMIC4|
|C100|0|1|63711512000186|55|00|004|66|35230163711512000186550040000000661240866597|01012023|31012023|675,23|2|0|0|675,23|9|0|0|0|0|0|0|0|0|0|0|0|0|
|C110|ICMIC4|Isento ou nao sujeito a ICMS|
|C170|1|Item 10|Descri  o Item|1|UN|100,6|0|1|140|2552|100|0|0|0|0|0|0||49||0|0|0|56|0|0|0|0|0|56|0|0|0|0|0|2107001001|0|
|C170|2|Item 1|Descri  o Item|1|UN|33,33|0|1|140|2552|100|0|0|0|0|0|0||49||0|0|0|56|0|0|0|0|0|56|0|0|0|0|0|2107001001|0|
|C170|3|Item 2|Descri  o Item|2|UN|446,8|0|1|140|2552|100|0|0|0|0|0|0||49||0|0|0|56|0|0|0|0|0|56|0|0|0|0|0|2107001001|0|
|C170|4|Item 3|Descri  o Item|18|UN|94,5|0|1|140|2552|100|0|0|0|0|0|0||49||0|0|0|56|0|0|0|0|0|56|0|0|0|0|0|2107001001|0|
|C190|140|2552|0|675,23|0|0|0|0|0|0|ICMIC4|
|C100|0|1|63711512000186|55|00|004|67|35230163711512000186550040000000671240866594|01012023|31012023|240|2|0|0|240|9|0|0|0|0|0|0|0|0|0|0|0|0|
|C110|ICMIC4|Isento ou nao sujeito a ICMS|
|C170|1|Item 4|Descri  o Item|12|UN|240|0|1|040|2552|100|0|0|0|0|0|0||49||0|0|0|56|0|0|0|0|0|56|0|0|0|0|0|2107001001|0|
|C190|040|2552|0|240|0|0|0|0|0|0|ICMIC4|
|C100|0|1|63711512000186|55|00|004|68|35230163711512000186550040000000681240866591|01012023|31012023|240|2|0|0|240|9|0|0|0|0|0|0|0|0|0|0|0|0|
|C110|ICMIC4|Isento ou nao sujeito a ICMS|
|C170|1|Item 5|Descri  o Item|12|UN|240|0|1|040|2552|100|0|0|0|0|0|0||49||0|0|0|56|0|0|0|0|0|56|0|0|0|0|0|2107001001|0|
|C190|040|2552|0|240|0|0|0|0|0|0|ICMIC4|
|C100|0|1|63711512000186|55|00|004|69|35230163711512000186550040000000691240866599|01012023|31012023|599,66|2|0|0|599,66|9|0|0|0|0|0|0|0|0|0|0|0|0|
|C110|ICMIC4|Isento ou nao sujeito a ICMS|
|C170|1|Item 6|Descri  o Item|12|UN|240|0|1|040|2552|100|0|0|0|0|0|0||49||0|0|0|56|0|0|0|0|0|56|0|0|0|0|0|2107001001|0|
|C170|2|Item 7|Descri  o Item|1|UN|20|0|1|140|2552|100|0|0|0|0|0|0||49||0|0|0|56|0|0|0|0|0|56|0|0|0|0|0|2107001001|0|
|C170|3|Item 8|Descri  o Item|2|UN|339,66|0|1|140|2552|100|0|0|0|0|0|0||49||0|0|0|56|0|0|0|0|0|56|0|0|0|0|0|2107001001|0|
|C190|040|2552|0|240|0|0|0|0|0|0|ICMIC4|
|C190|140|2552|0|359,66|0|0|0|0|0|0|ICMIC4|
|C100|0|1|63711512000186|55|00|004|70|35230163711512000186550040000000701240866590|01012023|31012023|240|2|0|0|240|9|0|0|0|0|0|0|0|0|0|0|0|0|
|C110|ICMIC4|Isento ou nao sujeito a ICMS|
|C170|1|Item 9|Descri  o Item|12|UN|240|0|1|040|2552|100|0|0|0|0|0|0||49||0|0|0|56|0|0|0|0|0|56|0|0|0|0|0|2107001001|0|
|C190|040|2552|0|240|0|0|0|0|0|0|ICMIC4|
|C100|0|1|63711512000186|55|00|004|71|35230163711512000186550040000000711240866597|01012023|31012023|1394,25|2|0|0|1394,25|9|0|0|0|0|0|0|0|0|0|0|0|0|
|C110|ICMIC4|Isento ou nao sujeito a ICMS|
|C170|1|Item 10|Descri  o Item|12|UN|240|0|1|040|2552|100|0|0|0|0|0|0||49||0|0|0|56|0|0|0|0|0|56|0|0|0|0|0|2107001001|0|
|C170|2|Item 1|Descri  o Item|2|UN|583,3|0|1|140|2552|100|0|0|0|0|0|0||49||0|0|0|56|0|0|0|0|0|56|0|0|0|0|0|2107001001|0|
|C170|3|Item 2|Descri  o Item|3|UN|107,55|0|1|140|2552|100|0|0|0|0|0|0||49||0|0|0|56|0|0|0|0|0|56|0|0|0|0|0|2107001001|0|
|C170|4|Item 3|Descri  o Item|2|UN|32,36|0|1|140|2552|100|0|0|0|0|0|0||49||0|0|0|56|0|0|0|0|0|56|0|0|0|0|0|2107001001|0|
|C170|5|Item 4|Descri  o Item|2|UN|325,26|0|1|140|2552|100|0|0|0|0|0|0||49||0|0|0|56|0|0|0|0|0|56|0|0|0|0|0|2107001001|0|
|C170|6|Item 5|Descri  o Item|3|UN|105,78|0|1|140|2552|100|0|0|0|0|0|0||49||0|0|0|56|0|0|0|0|0|56|0|0|0|0|0|2107001001|0|
|C190|040|2552|0|240|0|0|0|0|0|0|ICMIC4|
|C190|140|2552|0|1154,25|0|0|0|0|0|0|ICMIC4|
|C100|0|1|63711512000186|55|00|004|72|35230163711512000186550040000000721240866594|01012023|31012023|260|2|0|0|260|9|0|0|0|0|0|0|0|0|0|0|0|0|
|C110|ICMIC4|Isento ou nao sujeito a ICMS|
|C170|1|Item 6|Descri  o Item|12|UN|240|0|1|040|2552|100|0|0|0|0|0|0||49||0|0|0|56|0|0|0|0|0|56|0|0|0|0|0|2107001001|0|
|C170|2|Item 7|Descri  o Item|1|UN|20|0|1|140|2552|100|0|0|0|0|0|0||49||0|0|0|56|0|0|0|0|0|56|0|0|0|0|0|2107001001|0|
|C190|040|2552|0|240|0|0|0|0|0|0|ICMIC4|
|C190|140|2552|0|20|0|0|0|0|0|0|ICMIC4|
|C100|0|1|63711512000186|55|00|004|73|35230163711512000186550040000000731240866591|01012023|31012023|1022,91|2|0|0|1022,91|9|0|0|0|0|0|0|0|0|0|0|0|0|
|C110|ICMIC4|Isento ou nao sujeito a ICMS|
|C170|1|Item 8|Descri  o Item|12|UN|240|0|1|040|2552|100|0|0|0|0|0|0||49||0|0|0|56|0|0|0|0|0|56|0|0|0|0|0|2107001001|0|
|C170|2|Item 9|Descri  o Item|2|UN|597,06|0|1|140|2552|100|0|0|0|0|0|0||49||0|0|0|56|0|0|0|0|0|56|0|0|0|0|0|2107001001|0|
|C170|3|Item 10|Descri  o Item|3|UN|93,75|0|1|140|2552|100|0|0|0|0|0|0||49||0|0|0|56|0|0|0|0|0|56|0|0|0|0|0|2107001001|0|
|C170|4|Item 1|Descri  o Item|3|UN|92,1|0|1|140|2552|100|0|0|0|0|0|0||49||0|0|0|56|0|0|0|0|0|56|0|0|0|0|0|2107001001|0|
|C190|040|2552|0|240|0|0|0|0|0|0|ICMIC4|
|C190|140|2552|0|782,91|0|0|0|0|0|0|ICMIC4|
|C100|0|1|63711512000186|55|00|004|74|35230163711512000186550040000000741240866599|01012023|31012023|766,1|2|0|0|766,1|9|0|0|0|0|0|0|0|0|0|0|0|0|
|C110|ICMIC4|Isento ou nao sujeito a ICMS|
|C170|1|Item 2|Descri  o Item|1|UN|33,64|0|1|140|2552|100|0|0|0|0|0|0||49||0|0|0|56|0|0|0|0|0|56|0|0|0|0|0|2107001001|0|
|C170|2|Item 3|Descri  o Item|4|UN|71,2|0|1|140|2552|100|0|0|0|0|0|0||49||0|0|0|56|0|0|0|0|0|56|0|0|0|0|0|2107001001|0|
|C170|3|Item 4|Descri  o Item|3|UN|120,36|0|1|140|2552|100|0|0|0|0|0|0||49||0|0|0|56|0|0|0|0|0|56|0|0|0|0|0|2107001001|0|
|C170|4|Item 5|Descri  o Item|2|UN|446,8|0|1|140|2552|100|0|0|0|0|0|0||49||0|0|0|56|0|0|0|0|0|56|0|0|0|0|0|2107001001|0|
|C170|5|Item 6|Descri  o Item|1|UN|94,1|0|1|140|2552|100|0|0|0|0|0|0||49||0|0|0|56|0|0|0|0|0|56|0|0|0|0|0|2107001001|0|
|C190|140|2552|0|766,1|0|0|0|0|0|0|ICMIC4|
|C100|0|1|63711512000186|55|00|004|75|35230163711512000186550040000000751240866596|01012023|31012023|605,28|2|0|0|605,28|9|0|0|0|0|0|0|0|0|0|0|0|0|
|C110|ICMIC4|Isento ou nao sujeito a ICMS|
|C170|1|Item 7|Descri  o Item|12|UN|240|0|1|040|2552|100|0|0|0|0|0|0||49||0|0|0|56|0|0|0|0|0|56|0|0|0|0|0|2107001001|0|
|C170|2|Item 8|Descri  o Item|2|UN|345,28|0|1|140|2552|100|0|0|0|0|0|0||49||0|0|0|56|0|0|0|0|0|56|0|0|0|0|0|2107001001|0|
|C170|3|Item 9|Descri  o Item|1|UN|20|0|1|140|2552|100|0|0|0|0|0|0||49||0|0|0|56|0|0|0|0|0|56|0|0|0|0|0|2107001001|0|
|C190|040|2552|0|240|0|0|0|0|0|0|ICMIC4|
|C190|140|2552|0|365,28|0|0|0|0|0|0|ICMIC4|
|C100|0|1|63711512000186|55|00|004|76|35230163711512000186550040000000761240866593|01012023|31012023|653,52|2|0|0|653,52|9|0|0|0|0|0|0|0|0|0|0|0|0|
|C110|ICMIC4|Isento ou nao sujeito a ICMS|
|C170|1|Item 10|Descri  o Item|1|UN|33,64|0|1|140|2552|100|0|0|0|0|0|0||49||0|0|0|56|0|0|0|0|0|56|0|0|0|0|0|2107001001|0|
|C170|2|Item 1|Descri  o Item|3|UN|135,39|0|1|140|2552|100|0|0|0|0|0|0||49||0|0|0|56|0|0|0|0|0|56|0|0|0|0|0|2107001001|0|
|C170|3|Item 2|Descri  o Item|1|UN|100,6|0|1|140|2552|100|0|0|0|0|0|0||49||0|0|0|56|0|0|0|0|0|56|0|0|0|0|0|2107001001|0|
|C170|4|Item 3|Descri  o Item|4|UN|71,2|0|1|140|2552|100|0|0|0|0|0|0||49||0|0|0|56|0|0|0|0|0|56|0|0|0|0|0|2107001001|0|
|C170|5|Item 4|Descri  o Item|3|UN|60|0|1|140|2552|100|0|0|0|0|0|0||49||0|0|0|56|0|0|0|0|0|56|0|0|0|0|0|2107001001|0|
|C170|6|Item 5|Descri  o Item|1|UN|158,19|0|1|140|2552|100|0|0|0|0|0|0||49||0|0|0|56|0|0|0|0|0|56|0|0|0|0|0|2107001001|0|
|C170|7|Item 6|Descri  o Item|18|UN|94,5|0|1|140|2552|100|0|0|0|0|0|0||49||0|0|0|56|0|0|0|0|0|56|0|0|0|0|0|2107001001|0|
|C190|140|2552|0|653,52|0|0|0|0|0|0|ICMIC4|
|C100|0|1|63711512000186|55|00|004|77|35230163711512000186550040000000771240866590|01012023|31012023|865,65|2|0|0|865,65|9|0|0|0|0|0|0|0|0|0|0|0|0|
|C110|ICMIC4|Isento ou nao sujeito a ICMS|
|C170|1|Item 7|Descri  o Item|1|UN|32,59|0|1|140|2552|100|0|0|0|0|0|0||49||0|0|0|56|0|0|0|0|0|56|0|0|0|0|0|2107001001|0|
|C170|2|Item 8|Descri  o Item|1|UN|100,6|0|1|140|2552|100|0|0|0|0|0|0||49||0|0|0|56|0|0|0|0|0|56|0|0|0|0|0|2107001001|0|
|C170|3|Item 9|Descri  o Item|4|UN|71,2|0|1|140|2552|100|0|0|0|0|0|0||49||0|0|0|56|0|0|0|0|0|56|0|0|0|0|0|2107001001|0|
|C170|4|Item 10|Descri  o Item|3|UN|120,36|0|1|140|2552|100|0|0|0|0|0|0||49||0|0|0|56|0|0|0|0|0|56|0|0|0|0|0|2107001001|0|
|C170|5|Item 1|Descri  o Item|2|UN|446,8|0|1|140|2552|100|0|0|0|0|0|0||49||0|0|0|56|0|0|0|0|0|56|0|0|0|0|0|2107001001|0|
|C170|6|Item 2|Descri  o Item|1|UN|94,1|0|1|140|2552|100|0|0|0|0|0|0||49||0|0|0|56|0|0|0|0|0|56|0|0|0|0|0|2107001001|0|
|C190|140|2552|0|865,65|0|0|0|0|0|0|ICMIC4|
|C100|0|1|63711512000186|55|00|004|78|35230163711512000186550040000000781240866598|01012023|31012023|726,24|2|0|0|726,24|9|0|0|0|0|0|0|0|0|0|0|0|0|
|C110|ICMIC4|Isento ou nao sujeito a ICMS|
|C170|1|Item 3|Descri  o Item|3|UN|100,44|0|1|140|2552|100|0|0|0|0|0|0||49||0|0|0|56|0|0|0|0|0|56|0|0|0|0|0|2107001001|0|
|C170|2|Item 4|Descri  o Item|2|UN|326|0|1|140|2552|100|0|0|0|0|0|0||49||0|0|0|56|0|0|0|0|0|56|0|0|0|0|0|2107001001|0|
|C170|3|Item 5|Descri  o Item|4|UN|53,6|0|1|140|2552|100|0|0|0|0|0|0||49||0|0|0|56|0|0|0|0|0|56|0|0|0|0|0|2107001001|0|
|C170|4|Item 6|Descri  o Item|1|UN|96,25|0|1|140|2552|100|0|0|0|0|0|0||49||0|0|0|56|0|0|0|0|0|56|0|0|0|0|0|2107001001|0|
|C170|5|Item 7|Descri  o Item|1|UN|149,95|0|1|140|2552|100|0|0|0|0|0|0||49||0|0|0|56|0|0|0|0|0|56|0|0|0|0|0|2107001001|0|
|C190|140|2552|0|726,24|0|0|0|0|0|0|ICMIC4|
|C100|0|1|63711512000186|55|00|004|79|35230163711512000186550040000000791240866595|01012023|31012023|1034,39|2|0|0|1034,39|9|0|0|0|0|0|0|0|0|0|0|0|0|
|C110|ICMIC4|Isento ou nao sujeito a ICMS|
|C170|1|Item 8|Descri  o Item|2|UN|225,46|0|1|140|2552|100|0|0|0|0|0|0||49||0|0|0|56|0|0|0|0|0|56|0|0|0|0|0|2107001001|0|
|C170|2|Item 9|Descri  o Item|3|UN|100,44|0|1|140|2552|100|0|0|0|0|0|0||49||0|0|0|56|0|0|0|0|0|56|0|0|0|0|0|2107001001|0|
|C170|3|Item 10|Descri  o Item|2|UN|501,18|0|1|140|2552|100|0|0|0|0|0|0||49||0|0|0|56|0|0|0|0|0|56|0|0|0|0|0|2107001001|0|
|C170|4|Item 1|Descri  o Item|1|UN|71,59|0|1|140|2552|100|0|0|0|0|0|0||49||0|0|0|56|0|0|0|0|0|56|0|0|0|0|0|2107001001|0|
|C170|5|Item 2|Descri  o Item|4|UN|53,6|0|1|140|2552|100|0|0|0|0|0|0||49||0|0|0|56|0|0|0|0|0|56|0|0|0|0|0|2107001001|0|
|C170|6|Item 3|Descri  o Item|1|UN|82,12|0|1|140|2552|100|0|0|0|0|0|0||49||0|0|0|56|0|0|0|0|0|56|0|0|0|0|0|2107001001|0|
|C190|140|2552|0|1034,39|0|0|0|0|0|0|ICMIC4|
|C100|0|1|63711512000186|55|00|004|80|35230163711512000186550040000000801240866596|01012023|31012023|229,84|2|0|0|229,84|9|0|0|0|0|0|0|0|0|0|0|0|0|
|C110|ICMIC4|Isento ou nao sujeito a ICMS|
|C170|1|Item 4|Descri  o Item|1|UN|91,9|0|1|140|2552|100|0|0|0|0|0|0||49||0|0|0|56|0|0|0|0|0|56|0|0|0|0|0|2107001001|0|
|C170|2|Item 5|Descri  o Item|4|UN|53,6|0|1|140|2552|100|0|0|0|0|0|0||49||0|0|0|56|0|0|0|0|0|56|0|0|0|0|0|2107001001|0|
|C170|3|Item 6|Descri  o Item|1|UN|84,34|0|1|140|2552|100|0|0|0|0|0|0||49||0|0|0|56|0|0|0|0|0|56|0|0|0|0|0|2107001001|0|
|C190|140|2552|0|229,84|0|0|0|0|0|0|ICMIC4|
|C100|0|1|63711512000186|55|00|004|81|35230163711512000186550040000000811240866593|01012023|31012023|362,82|2|0|0|362,82|9|0|0|0|0|0|0|0|0|0|0|0|0|
|C110|ICMIC4|Isento ou nao sujeito a ICMS|
|C170|1|Item 7|Descri  o Item|2|UN|225,46|0|1|140|2552|100|0|0|0|0|0|0||49||0|0|0|56|0|0|0|0|0|56|0|0|0|0|0|2107001001|0|
|C170|2|Item 8|Descri  o Item|3|UN|83,76|0|1|140|2552|100|0|0|0|0|0|0||49||0|0|0|56|0|0|0|0|0|56|0|0|0|0|0|2107001001|0|
|C170|3|Item 9|Descri  o Item|4|UN|53,6|0|1|140|2552|100|0|0|0|0|0|0||49||0|0|0|56|0|0|0|0|0|56|0|0|0|0|0|2107001001|0|
|C190|140|2552|0|362,82|0|0|0|0|0|0|ICMIC4|
|C100|0|1|63711512000186|55|00|004|82|35230163711512000186550040000000821240866590|01012023|31012023|1417,51|2|0|0|1417,51|9|0|0|0|0|0|0|0|0|0|0|0|0|
|C110|ICMIC4|Isento ou nao sujeito a ICMS|
|C170|1|Item 10|Descri  o Item|2|UN|335,52|0|1|140|2552|100|0|0|0|0|0|0||49||0|0|0|56|0|0|0|0|0|56|0|0|0|0|0|2107001001|0|
|C170|2|Item 1|Descri  o Item|3|UN|120,36|0|1|140|2552|100|0|0|0|0|0|0||49||0|0|0|56|0|0|0|0|0|56|0|0|0|0|0|2107001001|0|
|C170|3|Item 2|Descri  o Item|2|UN|536,6|0|1|140|2552|100|0|0|0|0|0|0||49||0|0|0|56|0|0|0|0|0|56|0|0|0|0|0|2107001001|0|
|C170|4|Item 3|Descri  o Item|1|UN|130,32|0|1|140|2552|100|0|0|0|0|0|0||49||0|0|0|56|0|0|0|0|0|56|0|0|0|0|0|2107001001|0|
|C170|5|Item 4|Descri  o Item|4|UN|71,2|0|1|140|2552|100|0|0|0|0|0|0||49||0|0|0|56|0|0|0|0|0|56|0|0|0|0|0|2107001001|0|
|C170|6|Item 5|Descri  o Item|1|UN|33,33|0|1|140|2552|100|0|0|0|0|0|0||49||0|0|0|56|0|0|0|0|0|56|0|0|0|0|0|2107001001|0|
|C170|7|Item 6|Descri  o Item|1|UN|86,68|0|1|140|2552|100|0|0|0|0|0|0||49||0|0|0|56|0|0|0|0|0|56|0|0|0|0|0|2107001001|0|
|C170|8|Item 7|Descri  o Item|1|UN|103,5|0|1|140|2552|100|0|0|0|0|0|0||49||0|0|0|56|0|0|0|0|0|56|0|0|0|0|0|2107001001|0|
|C190|140|2552|0|1417,51|0|0|0|0|0|0|ICMIC4|
|C100|0|1|63711512000186|55|00|004|83|35230163711512000186550040000000831240866598|01012023|31012023|25|2|0|0|25|2|0|0|0|0|0|0|0|0|0|0|0|0|
|C170|1|Item 8|Descri  o Item|100|UN|25|0|1|040|2557|100|0|0|0|0|0|0||49||0|0|0|98|0|0|0|0|0|98|0|0|0|0|0|2107001001|0|
|C190|040|2557|0|25|0|0|0|0|0|0||
|C100|0|1|63711512000186|55|00|000|84|35230163711512000186550000000000841240866590|01012023|31012023|1254478,77|2|0|0|1254478,77|9|0|0|0|0|0|0|0|0|0|0|0|0|
|C170|1|Item 9|Descri  o Item|216663|UN|1254478,77|0|1|090|1653|100|0|0|0|0|0|0||49||0|0|0|98|0|0|0|0|0|98|0|0|0|0|0|2107001001|0|
|C190|090|1653|0|1254478,77|0|0|0|0|0|0|ICMIC4|
|C100|0|1|63711512000186|55|00|001|85|35230163711512000186550010000000851240866593|01012023|31012023|167,81|2|0|0|167,81|2|0|0|0|0|0|0|0|0|2,76|12,75|0|0|
|C170|1|Item 10|Descri  o Item|900|UN|13,41|0|1|090|1556|100|0|0|0|0|0|0||49||0|0|0|56|13,41|1,65|0|0|0,22|56|13,41|7,6|0|0|1,02|2107001001|0|
|C170|2|Item 1|Descri  o Item|800|UN|11,2|0|1|090|1556|100|0|0|0|0|0|0||49||0|0|0|56|11,2|1,65|0|0|0,18|56|11,2|7,6|0|0|0,85|2107001001|0|
|C170|3|Item 2|Descri  o Item|800|UN|19,6|0|1|090|1556|100|0|0|0|0|0|0||49||0|0|0|56|19,6|1,65|0|0|0,32|56|19,6|7,6|0|0|1,49|2107001001|0|
|C170|4|Item 3|Descri  o Item|1200|UN|123,6|0|1|090|1556|100|0|0|0|0|0|0||49||0|0|0|56|123,6|1,65|0|0|2,04|56|123,6|7,6|0|0|9,39|2107001001|0|
|C190|090|1556|0|167,81|0|0|0|0|0|0||
|C100|0|1|63711512000186|55|00|001|86|35230163711512000186550010000000861240866590|01012023|31012023|139,41|2|0|0|139,41|2|0|0|0|0|0|0|0|0|2,3|10,6|0|0|
|C170|1|Item 4|Descri  o Item|900|UN|13,41|0|1|090|1556|100|0|0|0|0|0|0||49||0|0|0|56|13,41|1,65|0|0|0,22|56|13,41|7,6|0|0|1,02|2107001001|0|
|C170|2|Item 5|Descri  o Item|700|UN|72,1|0|1|090|1556|100|0|0|0|0|0|0||49||0|0|0|56|72,1|1,65|0|0|1,19|56|72,1|7,6|0|0|5,48|2107001001|0|
|C170|3|Item 6|Descri  o Item|1400|UN|19,6|0|1|090|1556|100|0|0|0|0|0|0||49||0|0|0|56|19,6|1,65|0|0|0,32|56|19,6|7,6|0|0|1,49|2107001001|0|
|C170|4|Item 7|Descri  o Item|1400|UN|34,3|0|1|090|1556|100|0|0|0|0|0|0||49||0|0|0|56|34,3|1,65|0|0|0,57|56|34,3|7,6|0|0|2,61|2107001001|0|
|C190|090|1556|0|139,41|0|0|0|0|0|0||
|C100|0|1|63711512000186|55|00|001|87|35230163711512000186550010000000871240866598|01012023|31012023|8,94|2|0|0|8,94|2|0|0|0|0|0|0|0|0|0,15|0,68|0|0|
|C170|1|Item 8|Descri  o Item|600|UN|8,94|0|1|090|1556|100|0|0|0|0|0|0||49||0|0|0|56|8,94|1,65|0|0|0,15|56|8,94|7,6|0|0|0,68|2107001001|0|
|C190|090|1556|0|8,94|0|0|0|0|0|0||
|C100|0|1|63711512000186|55|00|001|88|35230163711512000186550010000000881240866595|01012023|31012023|8,94|2|0|0|8,94|2|0|0|0|0|0|0|0|0|0,15|0,68|0|0|
|C170|1|Item 9|Descri  o Item|600|UN|8,94|0|1|090|1556|100|0|0|0|0|0|0||49||0|0|0|56|8,94|1,65|0|0|0,15|56|8,94|7,6|0|0|0,68|2107001001|0|
|C190|090|1556|0|8,94|0|0|0|0|0|0||
|C100|0|1|63711512000186|55|00|004|89|35230163711512000186550040000000891240866591|01012023|31012023|182471,8|2|0|0|182471,8|9|0|0|0|0|0|0|0|0|0|0|0|0|
|C110|ICMIC4|Isento ou nao sujeito a ICMS|
|C170|1|Item 10|Descri  o Item|2220|UN|7303,8|0|1|040|2557|100|0|0|0|0|0|0||49||0|0|0|56|0|0|0|0|0|56|0|0|0|0|0|2107001001|0|
|C170|2|Item 1|Descri  o Item|7280|UN|23296|0|1|040|2557|100|0|0|0|0|0|0||49||0|0|0|56|0|0|0|0|0|56|0|0|0|0|0|2107001001|0|
|C170|3|Item 2|Descri  o Item|7200|UN|32400|0|1|040|2557|100|0|0|0|0|0|0||49||0|0|0|56|0|0|0|0|0|56|0|0|0|0|0|2107001001|0|
|C170|4|Item 3|Descri  o Item|3960|UN|12672|0|1|040|2557|100|0|0|0|0|0|0||49||0|0|0|56|0|0|0|0|0|56|0|0|0|0|0|2107001001|0|
|C170|5|Item 4|Descri  o Item|2640|UN|14784|0|1|040|2557|100|0|0|0|0|0|0||49||0|0|0|56|0|0|0|0|0|56|0|0|0|0|0|2107001001|0|
|C170|6|Item 5|Descri  o Item|7200|UN|33120|0|1|040|2557|100|0|0|0|0|0|0||49||0|0|0|56|0|0|0|0|0|56|0|0|0|0|0|2107001001|0|
|C170|7|Item 6|Descri  o Item|8790|UN|49224|0|1|040|2557|100|0|0|0|0|0|0||49||0|0|0|56|0|0|0|0|0|56|0|0|0|0|0|2107001001|0|
|C170|8|Item 7|Descri  o Item|2480|UN|9672|0|1|040|2557|100|0|0|0|0|0|0||49||0|0|0|56|0|0|0|0|0|56|0|0|0|0|0|2107001001|0|
|C190|040|2557|0|182471,8|0|0|0|0|0|0|ICMIC4|
|C990|463|
|D001|0|
|D100|0|1|71559322000113|57|00|000||1|35230171559322000113570000000000011240866596|01012023|31012023|0||37,35|0|9|37,35|0|0|37,35||2107001001|3506508|2304400|
|D190|090|1351|0|37,35|0|0|0||
|D100|0|1|71559322000113|57|00|000||2|35230171559322000113570000000000021240866593|01012023|31012023|0||48,53|0|9|48,53|0|0|48,53||2107001001|3506508|2304400|
|D190|090|1351|0|48,53|0|0|0||
|D100|0|1|71559322000113|57|00|000||3|35230171559322000113570000000000031240866590|01012023|31012023|0||46,03|0|9|46,03|0|0|46,03||2107001001|3506508|2304400|
|D190|090|1351|0|46,03|0|0|0||
|D100|0|1|71559322000113|57|00|000||4|35230171559322000113570000000000041240866598|01012023|31012023|0||36,51|0|9|36,51|0|0|36,51||2107001001|3506508|2304400|
|D190|090|1351|0|36,51|0|0|0||
|D100|0|1|71559322000113|57|00|000||5|35230171559322000113570000000000051240866595|01012023|31012023|0||36,73|0|9|36,73|0|0|36,73||2107001001|3506508|2304400|
|D190|090|1351|0|36,73|0|0|0||
|D100|0|1|71559322000113|57|00|000||6|35230171559322000113570000000000061240866592|01012023|31012023|0||37,59|0|9|37,59|0|0|37,59||2107001001|3506508|2304400|
|D190|090|1351|0|37,59|0|0|0||
|D100|0|1|71559322000113|57|00|003||7|35230171559322000113570030000000071240866599|01012023|31012023|0||40,06|0|2|40,06|0|0|40,06||2107001001|2304400|3550308|
|D190|040|1351|0|40,06|0|0|0||
|D100|0|1|71559322000113|57|00|003||8|35230171559322000113570030000000081240866596|01012023|31012023|0||141,4|0|2|141,4|0|0|141,4||2107001001|2304400|3550308|
|D190|040|1351|0|141,4|0|0|0||
|D100|0|1|71559322000113|57|00|003||9|35230171559322000113570030000000091240866593|01012023|31012023|0||50,68|0|2|50,68|0|0|50,68||2107001001|2304400|4314902|
|D190|040|1351|0|50,68|0|0|0||
|D100|0|1|46483670000107|57|00|003||10|35230146483670000107570030000000101240866595|01012023|31012023|0||32,88|0|2|32,88|0|0|32,88||2107001001|2304400|4314902|
|D190|040|1351|0|32,88|0|0|0||
|D100|0|1|46483670000107|57|00|003||11|35230146483670000107570030000000111240866592|01012023|31012023|0||32,43|0|2|32,43|0|0|32,43||2107001001|2304400|3304557|
|D190|040|1351|0|32,43|0|0|0||
|D100|0|1|46483670000107|57|00|003||12|35230146483670000107570030000000121240866590|01012023|31012023|0||40,06|0|2|40,06|0|0|40,06||2107001001|2304400|3550308|
|D190|040|1351|0|40,06|0|0|0||
|D100|0|1|46483670000107|57|00|003||13|35230146483670000107570030000000131240866597|01012023|31012023|0||52,46|0|2|52,46|0|0|52,46||2107001001|2304400|4202404|
|D190|040|1351|0|52,46|0|0|0||
|D100|0|1|46483670000107|57|00|003||14|35230146483670000107570030000000141240866594|01012023|31012023|0||32,73|0|2|32,73|0|0|32,73||2107001001|2304400|4314902|
|D190|040|1351|0|32,73|0|0|0||
|D100|0|1|46483670000107|57|00|003||15|35230146483670000107570030000000151240866591|01012023|31012023|0||37,61|0|2|37,61|0|0|37,61||2107001001|2304400|4202404|
|D190|040|1351|0|37,61|0|0|0||
|D100|0|1|46483670000107|57|00|003||16|35230146483670000107570030000000161240866599|01012023|31012023|0||95,52|0|2|95,52|0|0|95,52||2107001001|2304400|5103403|
|D190|040|1351|0|95,52|0|0|0||
|D100|0|1|46483670000107|57|00|003||17|35230146483670000107570030000000171240866596|01012023|31012023|0||48,64|0|2|48,64|0|0|48,64||2107001001|2304400|3304557|
|D190|040|1351|0|48,64|0|0|0||
|D100|0|1|46483670000107|57|00|003||18|35230146483670000107570030000000181240866593|01012023|31012023|0||167,02|0|2|167,02|0|0|167,02||2107001001|2304400|2507507|
|D190|040|1351|0|167,02|0|0|0||
|D100|0|1|46483670000107|57|00|003||19|35230146483670000107570030000000191240866590|01012023|31012023|0||63,18|0|2|63,18|0|0|63,18||2107001001|2304400|1302603|
|D190|040|1351|0|63,18|0|0|0||
|D100|0|1|44605548000130|57|00|003||20|35230144605548000130570030000000201240866592|01012023|31012023|0||83,74|0|2|83,74|0|0|83,74||2107001001|2304400|1721000|
|D190|040|1351|0|83,74|0|0|0||
|D100|0|1|44605548000130|57|00|003||21|35230144605548000130570030000000211240866590|01012023|31012023|0||71,68|0|2|71,68|0|0|71,68||2107001001|2304400|1600303|
|D190|040|1351|0|71,68|0|0|0||
|D100|0|1|44605548000130|57|00|003||22|35230144605548000130570030000000221240866597|01012023|31012023|0||765,6|0|2|765,6|0|0|765,6||2107001001|2304400|3518800|
|D190|040|1351|0|765,6|0|0|0||
|D100|0|1|44605548000130|57|00|003||23|35230144605548000130570030000000231240866594|01012023|31012023|0||884,9|0|2|884,9|0|0|884,9||2107001001|2304400|3304557|
|D190|040|1351|0|884,9|0|0|0||
|D100|0|1|44605548000130|57|00|003||24|35230144605548000130570030000000241240866591|01012023|31012023|0||60|0|2|60|0|0|60||2107001001|2304400|3518800|
|D190|040|1351|0|60|0|0|0||
|D100|0|1|44605548000130|57|00|003||25|35230144605548000130570030000000251240866599|01012023|31012023|0||48,95|0|2|48,95|0|0|48,95||2107001001|2304400|3304557|
|D190|040|1351|0|48,95|0|0|0||
|D100|0|1|44605548000130|57|00|003||26|35230144605548000130570030000000261240866596|01012023|31012023|0||65,88|0|2|65,88|0|0|65,88||2107001001|2304400|3304557|
|D190|040|1351|0|65,88|0|0|0||
|D100|0|1|44605548000130|57|00|003||27|35230144605548000130570030000000271240866593|01012023|31012023|0||616,83|0|2|616,83|0|0|616,83||2107001001|2304400|3550308|
|D190|040|1351|0|616,83|0|0|0||
|D100|0|1|44605548000130|57|00|003||28|35230144605548000130570030000000281240866590|01012023|31012023|0||64,72|0|2|64,72|0|0|64,72||2107001001|2304400|4202404|
|D190|040|1351|0|64,72|0|0|0||
|D100|0|1|35448010000179|57|00|003||29|35230135448010000179570030000000291240866592|01012023|31012023|0||39,29|0|2|39,29|0|0|39,29||2107001001|2304400|4202404|
|D190|040|1351|0|39,29|0|0|0||
|D100|0|1|35448010000179|57|00|003||30|35230135448010000179570030000000301240866593|01012023|31012023|0||111,24|0|2|111,24|0|0|111,24||2107001001|2304400|3304557|
|D190|040|1351|0|111,24|0|0|0||
|D100|0|1|35448010000179|57|00|003||31|35230135448010000179570030000000311240866590|01012023|31012023|0||673|0|2|673|0|0|673||2107001001|2304400|4211306|
|D190|040|1351|0|673|0|0|0||
|D100|0|1|35448010000179|57|00|003||32|35230135448010000179570030000000321240866598|01012023|31012023|0||864,5|0|2|864,5|0|0|864,5||2107001001|2304400|3518800|
|D190|040|1351|0|864,5|0|0|0||
|D100|0|1|35448010000179|57|00|003||33|35230135448010000179570030000000331240866595|01012023|31012023|0||44,55|0|2|44,55|0|0|44,55||2107001001|2304400|2611606|
|D190|040|1351|0|44,55|0|0|0||
|D100|0|1|35448010000179|57|00|003||34|35230135448010000179570030000000341240866592|01012023|31012023|0||219,78|0|2|219,78|0|0|219,78||2107001001|2304400|2913606|
|D190|040|1351|0|219,78|0|0|0||
|D100|0|1|35448010000179|57|00|003||35|35230135448010000179570030000000351240866590|01012023|31012023|0||312,12|0|2|312,12|0|0|312,12||2107001001|2304400|1302603|
|D190|040|1351|0|312,12|0|0|0||
|D100|0|1|35448010000179|57|00|003||36|35230135448010000179570030000000361240866597|01012023|31012023|0||605,21|0|2|605,21|0|0|605,21||2107001001|2304400|1302603|
|D190|040|1351|0|605,21|0|0|0||
|D100|0|1|35448010000179|57|00|003||37|35230135448010000179570030000000371240866594|01012023|31012023|0||1488,8|0|2|1488,8|0|0|1488,8||2107001001|2304400|3304557|
|D190|040|1351|0|1488,8|0|0|0||
|D100|0|1|44527238000145|57|00|003||38|35230144527238000145570030000000381240866590|01012023|31012023|0||97,2|0|2|97,2|0|0|97,2||2107001001|2304400|3518800|
|D190|040|1351|0|97,2|0|0|0||
|D100|0|1|44527238000145|57|00|003||39|35230144527238000145570030000000391240866598|01012023|31012023|0||144|0|2|144|0|0|144||2107001001|2304400|2800308|
|D190|040|1351|0|144|0|0|0||
|D100|0|1|44527238000145|57|00|003||40|35230144527238000145570030000000401240866599|01012023|31012023|0||41,95|0|2|41,95|0|0|41,95||2107001001|2304400|1302603|
|D190|040|1351|0|41,95|0|0|0||
|D100|0|1|44527238000145|57|00|003||41|35230144527238000145570030000000411240866596|01012023|31012023|0||2915,25|0|2|2915,25|0|0|2915,25||2107001001|2304400|3304557|
|D190|040|1351|0|2915,25|0|0|0||
|D100|0|1|44527238000145|57|00|003||42|35230144527238000145570030000000421240866593|01012023|31012023|0||175,9|0|2|175,9|0|0|175,9||2107001001|2304400|5208707|
|D190|040|1351|0|175,9|0|0|0||
|D100|0|1|44527238000145|57|00|003||43|35230144527238000145570030000000431240866590|01012023|31012023|0||60|0|2|60|0|0|60||2107001001|2304400|5002704|
|D190|040|1351|0|60|0|0|0||
|D100|0|1|44527238000145|57|00|003||44|35230144527238000145570030000000441240866598|01012023|31012023|0||30,24|0|2|30,24|0|0|30,24||2107001001|2304400|2927408|
|D190|040|1351|0|30,24|0|0|0||
|D100|0|1|44527238000145|57|00|003||45|35230144527238000145570030000000451240866595|01012023|31012023|0||49,58|0|2|49,58|0|0|49,58||2107001001|2304400|1302603|
|D190|040|1351|0|49,58|0|0|0||
|D100|0|1|44527238000145|57|00|003||46|35230144527238000145570030000000461240866592|01012023|31012023|0||48,05|0|2|48,05|0|0|48,05||2107001001|2304400|2913606|
|D190|040|1351|0|48,05|0|0|0||
|D100|0|1|19301644000148|57|00|003||47|35230119301644000148570030000000471240866598|01012023|31012023|0||420,44|0|2|420,44|0|0|420,44||2107001001|2304400|3304557|
|D190|040|1351|0|420,44|0|0|0||
|D100|0|1|19301644000148|57|00|003||48|35230119301644000148570030000000481240866595|01012023|31012023|0||195,5|0|2|195,5|0|0|195,5||2107001001|2304400|3518800|
|D190|040|1351|0|195,5|0|0|0||
|D100|0|1|19301644000148|57|00|003||49|35230119301644000148570030000000491240866592|01012023|31012023|0||303,38|0|2|303,38|0|0|303,38||2107001001|2304400|5300108|
|D190|040|1351|0|303,38|0|0|0||
|D100|0|1|19301644000148|57|00|003||50|35230119301644000148570030000000501240866593|01012023|31012023|0||229,89|0|2|229,89|0|0|229,89||2107001001|2304400|1302603|
|D190|040|1351|0|229,89|0|0|0||
|D100|0|1|19301644000148|57|00|003||51|35230119301644000148570030000000511240866590|01012023|31012023|0||697,6|0|2|697,6|0|0|697,6||2107001001|2304400|1302603|
|D190|040|1351|0|697,6|0|0|0||
|D100|0|1|19301644000148|57|00|003||52|35230119301644000148570030000000521240866598|01012023|31012023|0||5064,84|0|2|5064,84|0|0|5064,84||2107001001|2304400|3518800|
|D190|040|1351|0|5064,84|0|0|0||
|D100|0|1|19301644000148|57|00|003||53|35230119301644000148570030000000531240866595|01012023|31012023|0||80|0|2|80|0|0|80||2107001001|2304400|3550308|
|D190|040|1351|0|80|0|0|0||
|D100|0|1|19301644000148|57|00|003||54|35230119301644000148570030000000541240866592|01012023|31012023|0||1020|0|2|1020|0|0|1020||2107001001|2304400|3518800|
|D190|040|1351|0|1020|0|0|0||
|D100|0|1|19301644000148|57|00|003||55|35230119301644000148570030000000551240866590|01012023|31012023|0||559,05|0|2|559,05|0|0|559,05||2107001001|2304400|3518800|
|D190|040|1351|0|559,05|0|0|0||
|D100|0|1|19301644000148|57|00|003||56|35230119301644000148570030000000561240866597|01012023|31012023|0||72,24|0|2|72,24|0|0|72,24||2107001001|2304400|3170206|
|D190|040|1351|0|72,24|0|0|0||
|D100|0|1|91557683000138|57|00|003||57|35230191557683000138570030000000571240866594|01012023|31012023|0||73,71|0|2|73,71|0|0|73,71||2107001001|2304400|3106200|
|D190|040|1351|0|73,71|0|0|0||
|D100|0|1|91557683000138|57|00|003||58|35230191557683000138570030000000581240866591|01012023|31012023|0||60|0|2|60|0|0|60||2107001001|2304400|1302603|
|D190|040|1351|0|60|0|0|0||
|D100|0|1|91557683000138|57|00|003||59|35230191557683000138570030000000591240866599|01012023|31012023|0||53,88|0|2|53,88|0|0|53,88||2107001001|2304400|5208707|
|D190|040|1351|0|53,88|0|0|0||
|D100|0|1|91557683000138|57|00|003||60|35230191557683000138570030000000601240866590|01012023|31012023|0||94,5|0|2|94,5|0|0|94,5||2107001001|2304400|5208707|
|D190|040|1351|0|94,5|0|0|0||
|D100|0|1|91557683000138|57|00|003||61|35230191557683000138570030000000611240866597|01012023|31012023|0||32,54|0|2|32,54|0|0|32,54||2107001001|2304400|5208707|
|D190|040|1351|0|32,54|0|0|0||
|D100|0|1|91557683000138|57|00|003||62|35230191557683000138570030000000621240866594|01012023|31012023|0||60|0|2|60|0|0|60||2107001001|2304400|3205309|
|D190|040|1351|0|60|0|0|0||
|D100|0|1|91557683000138|57|00|003||63|35230191557683000138570030000000631240866591|01012023|31012023|0||27,99|0|2|27,99|0|0|27,99||2107001001|2304400|2507507|
|D190|040|1351|0|27,99|0|0|0||
|D100|0|1|91557683000138|57|00|003||64|35230191557683000138570030000000641240866599|01012023|31012023|0||170|0|2|170|0|0|170||2107001001|2304400|1506807|
|D190|040|1351|0|170|0|0|0||
|D100|0|1|91557683000138|57|00|003||65|35230191557683000138570030000000651240866596|01012023|31012023|0||40,06|0|2|40,06|0|0|40,06||2107001001|2304400|3550308|
|D190|040|1351|0|40,06|0|0|0||
|D100|0|1|63711512000186|57|00|003||66|35230163711512000186570030000000661240866598|01012023|31012023|0||153,75|0|2|153,75|0|0|153,75||2107001001|2304400|3518800|
|D190|040|1351|0|153,75|0|0|0||
|D100|0|1|63711512000186|57|00|003||67|35230163711512000186570030000000671240866595|01012023|31012023|0||36|0|2|36|0|0|36||2107001001|2304400|2111300|
|D190|040|1351|0|36|0|0|0||
|D100|0|1|63711512000186|57|00|003||68|35230163711512000186570030000000681240866592|01012023|31012023|0||60|0|2|60|0|0|60||2107001001|2304400|4205407|
|D190|040|1351|0|60|0|0|0||
|D100|0|1|63711512000186|57|00|003||69|35230163711512000186570030000000691240866590|01012023|31012023|0||45|0|2|45|0|0|45||2107001001|2304400|1100205|
|D190|040|1351|0|45|0|0|0||
|D100|0|1|63711512000186|57|00|003||70|35230163711512000186570030000000701240866590|01012023|31012023|0||272,25|0|2|272,25|0|0|272,25||2107001001|2304400|3518800|
|D190|040|1351|0|272,25|0|0|0||
|D100|0|1|63711512000186|57|00|003||71|35230163711512000186570030000000711240866598|01012023|31012023|0||79,8|0|2|79,8|0|0|79,8||2107001001|2304400|2111300|
|D190|040|1351|0|79,8|0|0|0||
|D100|0|1|63711512000186|57|00|003||72|35230163711512000186570030000000721240866595|01012023|31012023|0||95,38|0|2|95,38|0|0|95,38||2107001001|2304400|5103403|
|D190|040|1351|0|95,38|0|0|0||
|D100|0|1|63711512000186|57|00|003||73|35230163711512000186570030000000731240866592|01012023|31012023|0||64|0|2|64|0|0|64||2107001001|2304400|1721000|
|D190|040|1351|0|64|0|0|0||
|D100|0|1|63711512000186|57|00|003||74|35230163711512000186570030000000741240866590|01012023|31012023|0||134,4|0|2|134,4|0|0|134,4||2107001001|2304400|5208707|
|D190|040|1351|0|134,4|0|0|0||
|D100|0|1|63711512000186|57|00|003||75|35230163711512000186570030000000751240866597|01012023|31012023|0||25,84|0|2|25,84|0|0|25,84||2107001001|2304400|3106200|
|D190|040|1351|0|25,84|0|0|0||
|D100|0|1|63711512000186|57|00|003||76|35230163711512000186570030000000761240866594|01012023|31012023|0||60|0|2|60|0|0|60||2107001001|2304400|3304557|
|D190|040|1351|0|60|0|0|0||
|D100|0|1|63711512000186|57|00|003||77|35230163711512000186570030000000771240866591|01012023|31012023|0||228,6|0|2|228,6|0|0|228,6||2107001001|2304400|3518800|
|D190|040|1351|0|228,6|0|0|0||
|D100|0|1|63711512000186|57|00|003||78|35230163711512000186570030000000781240866599|01012023|31012023|0||38,26|0|2|38,26|0|0|38,26||2107001001|2304400|3550308|
|D190|040|1351|0|38,26|0|0|0||
|D100|0|1|63711512000186|57|00|003||79|35230163711512000186570030000000791240866596|01012023|31012023|0||45,39|0|2|45,39|0|0|45,39||2107001001|2304400|5002704|
|D190|040|1351|0|45,39|0|0|0||
|D100|0|1|63711512000186|57|00|003||80|35230163711512000186570030000000801240866597|01012023|31012023|0||60|0|2|60|0|0|60||2107001001|2304400|3304557|
|D190|040|1351|0|60|0|0|0||
|D100|0|1|63711512000186|57|00|003||81|35230163711512000186570030000000811240866594|01012023|31012023|0||0|0|2|0|0|0|0||2107001001|2304400|2105302|
|D190|041|1351|0|0|0|0|0||
|D100|0|1|63711512000186|57|00|003||82|35230163711512000186570030000000821240866591|01012023|31012023|0||0|0|2|0|0|0|0||2107001001|2304400|2211001|
|D190|041|1351|0|0|0|0|0||
|D100|0|1|63711512000186|57|00|003||83|35230163711512000186570030000000831240866599|01012023|31012023|0||0|0|2|0|0|0|0||2107001001|2304400|2111300|
|D190|041|1351|0|0|0|0|0||
|D100|0|1|63711512000186|57|00|003||84|35230163711512000186570030000000841240866596|01012023|31012023|0||155|0|2|155|0|0|155||2107001001|2304400|3518800|
|D190|040|1351|0|155|0|0|0||
|D100|0|1|63711512000186|57|00|003||85|35230163711512000186570030000000851240866593|01012023|31012023|0||316,4|0|2|316,4|0|0|316,4||2107001001|2304400|4314902|
|D190|040|1351|0|316,4|0|0|0||
|D100|0|1|63711512000186|57|00|003||86|35230163711512000186570030000000861240866590|01012023|31012023|0||33,8|0|2|33,8|0|0|33,8||2107001001|2304400|5208707|
|D190|040|1351|0|33,8|0|0|0||
|D100|0|1|63711512000186|57|00|003||87|35230163711512000186570030000000871240866598|01012023|31012023|0||155|0|2|155|0|0|155||2107001001|2304400|3304557|
|D190|040|1351|0|155|0|0|0||
|D100|0|1|63711512000186|57|00|003||88|35230163711512000186570030000000881240866595|01012023|31012023|0||31,81|0|2|31,81|0|0|31,81||2107001001|2304400|3304557|
|D190|040|1351|0|31,81|0|0|0||
|D100|0|1|63711512000186|57|00|003||89|35230163711512000186570030000000891240866592|01012023|31012023|0||3080|0|2|3080|0|0|3080||2107001001|2304400|3518800|
|D190|040|1351|0|3080|0|0|0||
|D100|0|1|63711512000186|57|00|003||90|35230163711512000186570030000000901240866593|01012023|31012023|0||181|0|2|181|0|0|181||2107001001|2304400|2704302|
|D190|040|1351|0|181|0|0|0||
|D100|0|1|63711512000186|57|00|003||91|35230163711512000186570030000000911240866590|01012023|31012023|0||60|0|2|60|0|0|60||2107001001|2304400|3518800|
|D190|040|1351|0|60|0|0|0||
|D100|0|1|63711512000186|57|00|003||92|35230163711512000186570030000000921240866598|01012023|31012023|0||235,29|0|2|235,29|0|0|235,29||2107001001|2304400|1400100|
|D190|040|1351|0|235,29|0|0|0||
|D100|0|1|63711512000186|57|00|003||93|35230163711512000186570030000000931240866595|01012023|31012023|0||115,8|0|2|115,8|0|0|115,8||2107001001|2304400|3550308|
|D190|040|1351|0|115,8|0|0|0||
|D100|0|1|63711512000186|57|00|003||94|35230163711512000186570030000000941240866592|01012023|31012023|0||35,54|0|2|35,54|0|0|35,54||2107001001|2304400|3550308|
|D190|040|1351|0|35,54|0|0|0||
|D100|0|1|63711512000186|57|00|003||95|35230163711512000186570030000000951240866590|01012023|31012023|0||357,92|0|2|357,92|0|0|357,92||2107001001|2304400|3518800|
|D190|040|1351|0|357,92|0|0|0||
|D100|0|1|63711512000186|57|00|003||96|35230163711512000186570030000000961240866597|01012023|31012023|0||891|0|2|891|0|0|891||2107001001|2304400|3518800|
|D190|040|1351|0|891|0|0|0||
|D100|0|1|63711512000186|57|00|003||97|35230163711512000186570030000000971240866594|01012023|31012023|0||272|0|2|272|0|0|272||2107001001|2304400|3549607|
|D190|040|1351|0|272|0|0|0||
|D100|0|1|63711512000186|57|00|003||98|35230163711512000186570030000000981240866591|01012023|31012023|0||772,3|0|2|772,3|0|0|772,3||2107001001|2304400|3518800|
|D190|040|1351|0|772,3|0|0|0||
|D100|0|1|63711512000186|57|00|003||99|35230163711512000186570030000000991240866599|01012023|31012023|0||55,09|0|2|55,09|0|0|55,09||2107001001|2304400|1302603|
|D190|040|1351|0|55,09|0|0|0||
|D100|0|1|63711512000186|57|00|003||100|35230163711512000186570030000001001240866591|01012023|31012023|0||1172|0|2|1172|0|0|1172||2107001001|2304400|1400100|
|D190|040|1351|0|1172|0|0|0||
|D990|202|
|E001|0|
|E100|01012023|31012023|
|E110|0|0|0|0|0|0|0|0|7905748,38|0|0|0|7905748,38|0|
|E990|4|
|G001|1|
|G990|2|
|H001|1|
|H990|2|
|K001|1|
|K990|2|
|1001|0|
|1010|N|N|N|N|N|N|N|N|S|N|N|N|N|
|1800|0|47186440,53|47186440,53|0|0|0|0|0|0|
|1990|4|
|9001|0|
|9900|0000|1|
|9900|0001|1|
|9900|0005|1|
|9900|0100|1|
|9900|0150|8|
|9900|0190|1|
|9900|0200|10|
|9900|0400|1|
|9900|0450|1|
|9900|0460|1|
|9900|0990|1|
|9900|1001|1|
|9900|1010|1|
|9900|1800|1|
|9900|1990|1|
|9900|9001|1|
|9900|9990|1|
|9900|9999|1|
